var moonR = 60;
var sunAngle = -120;

// Colours
var skyColour = color(0,0,0);
var moonCol = color(250, 250, 250, 255);
var moonColT = color(250, 250, 250, 0);

var surface = [[0,0,0,0,0,0,0,0,0,0,0,0,0,0,0,0,0,0,0,0,0,0,0,0,0,0,0,0,0,0,0,0,0,1,0,0,0,1,0,0,0,0,0,0,0,0,0,3,0,1,3,0,0,1,1,3,3,6,6,8,18,17,16,14,9,10,11,7,3,4,2,1,2,1,0,0,0,1,1,0,0,1,0,1,2,1,0,0,0,0,0,0,0,0,0,0,0,0,0,0,0,0,0,0,0,0,0,0,0,0,0,0,0,0,0,0,0,0,0,0,0,0,0,0],
[0,0,0,0,0,0,0,0,0,0,0,0,0,0,0,0,0,0,0,0,0,0,0,0,0,0,0,0,0,0,0,0,0,0,0,0,0,0,0,0,0,0,0,1,0,1,1,0,3,3,12,26,42,55,75,95,113,128,137,154,180,187,178,166,159,153,148,137,116,96,66,39,25,13,6,3,2,0,0,1,2,1,0,1,1,1,0,0,0,0,0,0,0,0,0,0,0,0,0,0,0,0,0,0,0,0,0,0,0,0,0,0,0,0,0,0,0,0,0,0,0,0,0,0],
[0,0,0,0,0,0,0,0,0,0,0,0,0,0,0,0,0,0,0,0,0,0,0,0,0,0,0,0,0,0,0,0,0,0,0,0,0,0,0,0,0,0,0,2,3,9,17,28,58,96,139,173,193,196,204,203,226,220,220,213,197,191,191,179,176,184,185,184,188,199,202,197,169,138,111,74,47,22,9,5,0,0,0,0,1,0,0,0,0,0,0,0,0,0,0,0,0,0,0,0,0,0,0,0,0,0,0,0,0,0,0,0,0,0,0,0,0,0,0,0,0,0,0,0],
[0,0,0,0,0,0,0,0,0,0,0,0,0,0,0,0,0,0,0,0,0,0,0,0,0,0,0,0,0,0,0,0,0,0,0,0,0,0,0,0,0,3,12,29,68,114,147,173,195,204,185,180,181,181,180,172,186,190,184,172,179,182,185,210,200,189,171,151,172,167,168,171,187,206,214,205,192,154,112,69,32,10,1,0,0,0,0,0,0,0,0,0,0,0,0,0,0,0,0,0,0,0,0,0,0,0,0,0,0,0,0,0,0,0,0,0,0,0,0,0,0,0,0,0],
[0,0,0,0,0,0,0,0,0,0,0,0,0,0,0,0,0,0,0,0,0,0,0,0,0,0,0,0,0,0,0,0,0,1,2,0,1,0,1,10,24,64,113,150,180,178,173,153,129,123,122,124,135,138,164,181,178,159,177,183,180,181,178,172,173,191,169,143,180,179,178,187,192,188,184,178,186,200,194,190,163,106,54,24,7,0,0,2,0,1,1,0,0,0,0,0,0,0,0,0,0,0,0,0,0,0,0,0,0,0,0,0,0,0,0,0,0,0,0,0,0,0,0,0],
[0,0,0,0,0,0,0,0,0,0,0,0,0,0,0,0,0,0,0,0,0,0,0,0,0,0,0,0,0,0,0,0,0,0,1,0,0,11,36,86,116,161,163,135,104,89,111,114,106,124,142,126,136,148,158,167,153,168,176,181,194,197,187,186,194,210,188,212,177,174,156,180,174,160,171,177,173,176,184,179,188,198,187,149,92,40,17,0,0,0,0,1,1,0,0,0,0,0,0,0,0,0,0,0,0,0,0,0,0,0,0,0,0,0,0,0,0,0,0,0,0,0,0,0],
[0,0,0,0,0,0,0,0,0,0,0,0,0,0,0,0,0,0,0,0,0,0,0,0,0,0,0,0,0,0,0,0,0,0,2,11,41,85,113,143,147,140,122,111,111,108,112,103,103,105,99,117,128,130,119,146,122,158,181,171,168,181,179,181,165,158,170,160,112,101,70,56,130,196,187,181,184,177,182,190,187,173,177,200,200,161,122,62,14,0,0,1,0,0,0,0,0,0,0,0,0,0,0,0,0,0,0,0,0,0,0,0,0,0,0,0,0,0,0,0,0,0,0,0],
[0,0,0,0,0,0,0,0,0,0,0,0,0,0,0,0,0,0,0,0,0,0,0,0,0,0,0,0,0,0,0,0,0,14,57,89,120,134,135,139,141,102,98,100,107,114,110,104,102,103,109,101,101,94,102,122,114,113,136,136,138,136,125,126,132,129,164,188,169,135,155,136,157,186,166,175,189,186,183,186,196,182,177,168,182,191,204,185,128,73,23,0,0,0,0,0,0,0,0,0,0,0,0,0,0,0,0,0,0,0,0,0,0,0,0,0,0,0,0,0,0,0,0,0],
[0,0,0,0,0,0,0,0,0,0,0,0,0,0,0,0,0,0,0,0,0,0,0,0,1,0,0,0,0,0,0,16,56,91,125,148,128,121,123,128,110,113,135,114,113,108,98,103,110,107,104,104,106,104,112,90,104,115,120,117,122,109,108,109,134,121,151,158,159,170,214,213,203,182,174,180,180,186,183,175,170,181,192,174,174,182,176,195,209,186,144,81,23,0,0,2,0,0,0,0,0,0,0,0,0,0,0,0,0,0,0,0,0,0,0,0,0,0,0,0,0,0,0,0],
[0,0,0,0,0,0,0,0,0,0,0,0,0,0,0,0,0,0,0,0,0,0,0,0,0,0,0,0,0,5,52,94,114,112,135,137,130,110,96,96,106,129,124,107,92,86,101,106,104,107,107,107,108,102,108,132,112,108,105,96,108,114,112,106,108,104,133,129,153,145,163,155,173,187,172,184,182,169,164,174,163,136,155,185,174,209,199,176,187,191,202,186,143,68,8,0,0,0,0,0,0,0,0,0,0,0,0,0,0,0,0,0,0,0,0,0,0,0,0,0,0,0,0,0],
[0,0,0,0,0,0,0,0,0,0,0,0,0,0,0,0,0,0,0,0,0,0,0,0,0,0,0,0,31,99,122,103,100,95,128,114,113,97,99,117,111,99,95,95,94,96,100,105,99,100,106,103,110,106,121,148,102,111,98,101,100,100,97,107,115,109,97,86,145,141,136,142,163,178,170,179,200,169,162,170,172,174,171,192,194,198,202,184,192,182,177,183,196,183,122,42,0,0,0,0,0,0,0,0,0,0,0,0,0,0,0,0,0,0,0,0,0,0,0,0,0,0,0,0],
[0,0,0,0,0,0,0,0,0,0,0,0,0,0,0,0,0,0,0,0,0,1,0,1,1,0,12,67,121,121,96,130,112,104,114,96,98,103,109,108,99,96,100,100,97,96,93,97,99,100,104,106,99,108,112,114,105,103,103,103,103,105,109,110,106,111,103,104,111,112,130,144,153,156,164,174,193,217,195,162,172,192,188,193,199,187,205,200,179,190,169,184,194,197,200,172,88,8,0,1,1,0,0,0,0,0,0,0,0,0,0,0,0,0,0,0,0,0,0,0,0,0,0,0],
[0,0,0,0,0,0,0,0,0,0,0,0,0,0,0,0,0,0,0,0,1,1,1,1,0,17,91,135,111,103,130,123,93,107,109,106,111,103,102,114,97,103,104,94,98,102,100,97,99,101,104,113,101,117,105,110,109,106,106,99,100,103,113,103,97,106,102,103,105,104,109,113,126,144,148,171,183,199,195,174,174,176,189,192,188,189,211,226,213,215,189,191,189,183,183,191,188,121,29,0,0,0,0,0,0,0,0,0,0,0,0,0,0,0,0,0,0,0,0,0,0,0,0,0],
[0,0,0,0,0,0,0,0,0,0,0,0,0,0,0,0,0,0,0,0,1,2,2,0,46,123,121,110,108,111,115,96,101,103,99,108,105,103,98,108,92,104,109,108,112,106,99,95,98,104,102,97,100,101,118,105,103,114,100,100,94,100,108,101,107,102,104,102,104,103,111,112,123,97,119,131,161,171,163,175,177,174,171,195,194,216,194,228,223,221,202,188,187,188,189,180,187,198,158,56,2,0,0,0,0,0,0,0,0,0,0,0,0,0,0,0,0,0,0,0,0,0,0,0],
[0,0,0,0,0,0,0,0,0,0,0,0,0,0,0,0,0,0,0,0,1,0,2,66,160,145,98,103,108,115,103,101,110,105,102,105,98,109,109,115,106,109,113,105,100,111,113,105,100,108,115,104,108,101,117,109,112,112,109,112,111,110,105,107,93,114,125,111,108,106,106,112,147,114,102,109,134,166,174,177,160,169,181,185,187,192,213,220,237,243,231,208,169,171,187,183,192,185,197,192,104,17,0,0,0,0,0,0,0,0,0,0,0,0,0,0,0,0,0,0,0,0,0,0],
[0,0,0,0,0,0,0,0,0,0,0,0,0,0,0,0,0,2,1,0,1,10,79,155,120,94,108,109,119,124,107,108,99,101,122,113,109,119,103,112,114,108,109,109,112,115,110,99,94,108,105,95,102,101,115,96,109,99,101,110,111,111,121,113,111,143,132,111,111,101,109,98,102,113,146,149,125,167,159,159,163,161,165,185,180,184,194,222,196,224,231,202,188,181,196,175,176,184,176,188,210,131,20,0,0,0,0,0,0,0,0,0,0,0,0,0,0,0,0,0,0,0,0,0],
[0,0,0,0,0,0,0,0,0,0,0,0,0,0,0,0,0,1,0,0,11,84,147,107,108,115,115,129,116,104,111,129,103,115,128,106,120,121,122,131,124,111,117,105,99,104,99,98,105,101,100,105,107,99,125,106,99,112,108,102,106,99,104,109,112,104,123,123,144,133,100,111,111,170,159,161,156,161,181,192,197,178,177,175,164,187,193,206,198,193,199,210,208,183,182,194,187,178,187,169,186,203,132,24,0,0,0,0,0,0,0,0,0,0,0,0,0,0,0,0,0,0,0,0],
[0,0,0,0,0,0,0,0,0,0,0,0,0,0,0,0,0,0,4,14,100,149,118,117,111,102,119,121,110,116,111,113,139,128,114,119,121,127,139,155,126,125,115,110,113,121,119,114,100,108,105,102,102,93,100,111,105,113,112,107,102,105,106,106,102,99,111,98,95,123,114,116,108,111,130,172,148,138,128,138,130,150,177,164,174,169,202,219,209,205,198,187,191,202,179,179,187,188,202,203,181,185,206,154,25,0,0,0,0,0,0,0,0,0,0,0,0,0,0,0,0,0,0,0],
[0,0,0,0,0,0,0,0,0,0,0,0,0,0,0,0,0,0,26,113,143,105,117,113,114,121,118,111,117,100,107,123,119,104,118,120,141,152,186,116,128,122,123,102,114,111,103,118,128,107,102,107,93,97,126,102,104,101,91,97,106,110,104,99,108,107,108,123,116,103,122,116,122,118,97,122,120,125,133,129,167,164,162,165,164,168,178,202,182,188,204,181,191,197,197,175,188,185,176,173,185,176,180,209,130,18,0,0,0,0,0,0,0,0,0,0,0,0,0,0,0,0,0,0],
[0,0,0,0,0,0,0,0,0,0,0,0,0,2,0,0,3,22,142,162,105,120,120,115,126,128,117,113,100,114,132,126,110,120,170,174,133,228,165,111,129,122,116,114,112,105,110,110,124,108,93,104,100,91,114,100,105,105,105,103,107,103,95,109,112,107,104,120,124,101,108,136,110,148,142,131,123,175,166,157,159,171,178,187,195,174,176,218,210,217,173,200,193,178,207,193,176,191,175,165,194,191,189,179,209,129,15,0,0,0,0,0,0,0,0,0,0,0,0,0,0,0,0,0],
[0,0,0,0,0,0,0,0,1,0,0,0,0,1,2,1,23,127,158,113,123,123,127,124,122,108,106,114,112,130,111,129,148,136,138,186,103,137,112,130,112,123,114,104,106,114,114,99,101,115,96,115,115,130,130,97,104,92,105,101,111,110,104,103,92,92,130,103,104,118,109,113,121,95,135,161,149,166,144,136,155,155,173,163,161,184,168,192,189,199,192,209,197,173,185,200,192,174,186,172,180,196,189,183,183,210,127,8,0,0,0,0,0,0,0,0,0,0,0,0,0,0,0,0],
[0,0,0,0,0,0,0,0,0,0,0,0,0,0,0,14,117,166,121,131,122,129,126,111,106,115,123,121,132,130,117,128,139,134,135,130,150,140,157,131,135,117,100,114,126,115,105,116,121,124,127,126,113,129,116,124,130,105,93,91,97,101,98,96,102,97,108,121,112,109,112,113,125,117,138,145,147,155,154,171,167,189,202,189,182,199,190,171,179,214,227,200,183,194,197,178,166,177,195,165,149,175,190,181,194,193,200,100,7,0,0,0,0,0,0,0,0,0,0,0,0,0,0,0],
[0,0,0,0,0,0,0,0,0,0,0,0,0,1,9,99,177,133,137,127,135,123,117,119,122,132,129,126,121,118,132,131,158,121,131,128,137,122,127,129,132,120,119,128,136,123,123,124,120,104,126,137,129,152,129,120,131,135,144,117,97,96,98,102,114,108,110,111,110,120,112,113,99,104,143,157,143,168,155,162,172,181,216,187,177,174,191,202,118,202,174,201,220,196,203,197,165,165,201,217,205,143,182,192,184,186,187,199,93,2,0,0,0,0,0,0,0,0,0,0,0,0,0,0],
[0,0,0,0,0,0,0,0,0,0,0,2,0,1,82,164,143,144,141,138,133,115,122,119,124,127,122,121,119,126,128,122,124,129,146,146,131,131,117,119,132,141,136,133,125,124,134,131,135,126,131,149,166,165,156,126,125,132,134,145,122,117,115,126,129,108,103,103,116,111,119,115,121,129,112,146,155,164,166,159,164,180,177,176,157,159,170,229,183,156,208,184,203,213,207,185,188,195,187,188,202,187,178,188,186,185,199,182,186,64,1,0,0,0,0,0,0,0,0,0,0,0,0,0],
[0,0,0,0,0,0,0,0,0,1,1,0,0,60,155,148,150,144,137,134,109,123,118,110,125,126,125,122,121,120,121,124,121,139,140,139,132,126,118,112,114,123,119,146,144,135,131,121,137,153,177,154,174,155,154,143,122,96,120,134,96,96,106,103,109,105,109,131,118,111,127,111,127,171,159,147,168,157,166,178,188,178,140,142,137,128,142,169,174,173,151,192,194,184,233,198,176,187,198,182,181,190,188,184,189,182,178,181,194,158,32,0,1,0,0,0,0,1,0,0,0,0,0,0],
[0,0,0,0,0,0,0,0,0,1,2,0,36,142,152,144,154,137,160,120,108,114,114,132,154,146,135,121,115,123,131,122,127,133,123,117,120,106,115,116,107,116,114,133,146,152,139,127,137,136,150,162,176,173,170,149,153,134,145,127,125,109,104,103,99,101,115,121,125,131,123,118,133,152,195,162,173,179,165,170,186,128,119,120,115,126,120,140,107,157,180,170,201,206,216,204,180,178,188,178,171,172,192,186,184,194,173,187,193,192,124,21,0,0,0,0,0,0,0,0,0,0,0,0],
[0,0,0,0,0,0,0,0,0,0,0,10,117,172,168,143,150,121,146,109,114,149,166,164,148,146,124,120,119,128,130,115,112,113,116,113,109,100,114,145,114,116,126,116,129,131,126,142,151,148,144,162,159,190,164,170,172,142,148,122,120,111,106,104,102,106,100,114,123,125,120,128,121,107,143,152,178,188,171,156,188,134,113,124,119,113,120,134,141,109,137,203,195,200,211,204,168,184,201,183,176,174,179,173,192,196,181,178,201,189,182,96,3,0,0,0,0,0,0,0,0,0,0,0],
[0,0,0,0,0,0,0,0,0,0,0,81,176,191,167,121,125,139,157,153,146,177,167,146,143,151,123,125,124,136,126,109,114,123,125,123,114,107,116,116,117,105,113,97,110,100,109,137,148,149,149,159,161,164,136,131,116,111,111,127,120,116,112,105,106,112,113,112,108,114,123,118,117,127,115,124,168,142,157,189,192,124,99,112,114,112,141,129,150,139,148,169,174,185,200,190,178,186,210,168,165,180,176,139,157,185,195,171,183,194,204,160,52,0,0,0,0,0,0,1,0,0,0,0],
[0,0,0,0,0,0,0,0,0,0,42,170,199,181,131,106,111,175,177,177,159,161,160,136,138,153,138,124,120,130,120,110,126,121,112,103,113,111,113,118,108,107,120,106,110,108,124,122,123,117,129,125,144,148,115,123,118,113,125,124,126,119,126,120,117,116,118,117,114,120,114,116,115,122,145,114,137,119,103,123,138,115,112,110,108,119,125,113,123,125,158,170,130,174,174,166,181,183,182,168,174,185,178,151,125,162,202,180,179,183,211,196,136,28,0,1,0,0,0,0,0,0,0,0],
[0,0,0,0,0,0,0,0,0,9,133,207,191,166,126,122,120,190,171,169,160,161,164,167,139,140,113,105,113,116,116,123,143,126,103,112,99,111,116,121,108,109,118,117,131,153,130,106,110,106,134,122,123,138,131,124,131,144,122,118,108,121,130,121,115,123,142,126,110,124,118,121,136,102,125,115,153,180,146,115,108,101,111,121,117,115,112,123,126,118,103,162,168,182,180,166,151,161,174,174,175,189,189,183,155,169,179,182,182,174,176,195,188,108,11,0,0,0,0,0,0,0,0,0],
[0,0,0,0,0,0,0,1,0,71,195,203,172,148,118,129,144,187,183,171,153,153,155,167,127,112,103,105,112,126,125,132,134,114,104,115,115,128,126,124,106,121,117,119,134,134,115,120,110,123,114,127,108,147,125,151,145,139,120,117,135,98,109,114,118,115,114,123,144,132,118,118,150,113,121,129,131,142,137,161,138,114,103,108,112,111,116,110,126,125,122,132,144,181,176,177,155,140,167,177,169,185,194,187,191,186,187,203,187,175,175,187,192,170,63,0,0,0,0,0,0,0,0,0],
[0,0,0,0,0,0,1,1,30,150,202,191,155,134,143,133,189,179,170,158,164,172,140,114,115,111,113,122,120,122,119,126,125,108,106,109,112,111,122,132,120,135,125,134,132,116,137,141,105,168,124,140,109,169,126,132,121,133,127,135,114,113,155,168,130,123,117,103,123,128,122,119,118,110,121,121,125,106,112,132,109,123,119,133,124,109,109,135,114,131,144,150,137,158,162,184,177,133,147,183,198,196,187,164,205,144,148,192,185,172,172,174,187,196,129,22,0,0,0,0,0,0,0,0],
[0,0,0,0,0,0,0,1,88,197,200,186,146,143,153,153,191,159,172,178,188,143,105,106,112,105,114,123,121,115,124,125,117,113,120,99,113,116,149,152,118,124,142,150,151,146,165,159,143,134,129,134,95,140,146,138,118,126,142,150,111,126,112,107,109,110,130,148,137,152,141,115,123,107,112,111,101,129,146,106,121,138,123,96,81,107,115,112,121,124,126,162,190,152,174,190,178,159,135,150,175,201,196,172,177,191,177,181,186,181,184,173,175,198,181,79,3,0,0,0,0,0,0,0],
[0,0,0,0,0,1,0,29,158,216,195,167,152,177,178,188,192,196,203,157,148,145,99,126,117,119,130,122,128,118,112,109,114,112,117,127,195,144,126,134,125,111,144,175,193,152,150,152,175,156,145,114,158,188,137,131,117,116,132,136,118,119,136,130,124,178,138,182,177,129,137,116,129,135,124,103,99,150,171,108,149,192,175,177,151,123,100,124,123,129,139,144,149,140,159,188,162,183,180,177,182,190,180,159,184,173,182,193,177,171,208,190,179,195,195,159,42,1,0,0,0,0,0,0],
[0,0,0,0,0,0,2,95,210,201,178,148,165,158,190,188,193,147,126,121,125,132,111,125,113,123,127,116,112,113,116,106,106,103,101,112,123,146,136,128,128,121,142,163,137,159,176,150,162,153,150,124,126,126,157,147,132,136,140,145,147,115,133,154,108,113,129,152,155,174,184,152,130,134,141,106,120,104,101,146,161,152,176,168,158,127,120,133,178,125,142,186,165,190,169,166,181,175,176,176,179,186,184,150,174,165,171,171,174,191,190,203,183,182,200,206,106,9,0,0,0,0,0,0],
[0,0,0,0,0,1,36,168,218,196,184,141,153,171,171,176,173,111,117,118,122,96,115,119,117,121,112,106,112,123,118,124,111,113,111,116,116,123,139,118,121,136,157,162,159,153,169,187,167,170,162,136,153,152,155,139,126,139,131,137,157,132,131,143,119,156,158,179,151,132,111,119,88,142,131,135,100,114,122,148,150,181,172,148,159,147,126,135,160,183,159,161,177,183,177,188,174,183,205,197,179,200,197,174,166,162,182,174,173,186,193,196,195,184,184,205,175,53,0,0,0,0,0,0],
[0,0,0,1,0,4,90,213,204,198,160,131,153,191,183,213,120,126,125,113,108,105,124,116,108,121,110,108,106,113,110,119,124,113,111,104,101,125,124,117,140,146,145,147,137,150,168,175,148,156,162,143,160,144,161,154,152,155,133,126,140,153,136,113,110,130,127,115,97,115,113,105,128,106,110,143,149,131,116,146,160,107,146,132,137,156,155,120,149,155,184,213,154,153,193,190,161,149,184,194,188,188,197,186,195,187,170,150,179,180,197,193,193,197,200,206,213,117,14,0,0,0,0,0],
[0,0,0,0,0,30,162,227,199,190,152,135,175,197,184,192,125,133,136,117,110,107,115,102,110,122,108,103,107,122,108,149,119,134,121,123,137,117,136,134,131,151,147,149,154,149,155,157,165,168,167,156,187,143,195,156,151,147,140,133,117,125,129,148,132,120,118,119,98,119,113,110,136,100,124,146,143,171,162,148,158,165,153,137,168,131,167,155,139,186,173,173,165,136,146,172,194,169,193,197,195,201,210,192,201,189,187,180,167,192,180,190,203,191,188,196,221,174,45,1,0,0,0,0],
[0,2,2,2,4,81,222,214,189,187,147,143,186,181,163,154,131,134,144,124,110,114,103,107,107,112,106,110,104,118,125,116,107,113,122,114,136,121,113,142,130,135,151,182,165,153,155,156,162,175,159,154,155,129,149,140,138,138,148,139,140,132,121,106,124,136,116,113,107,104,114,106,103,119,154,157,148,148,178,164,163,175,156,138,131,128,158,211,163,154,118,107,133,134,153,131,185,191,192,185,195,217,209,195,201,172,197,178,180,168,168,169,201,208,198,194,207,211,104,12,0,0,0,0],
[0,1,0,0,24,149,230,195,183,178,133,154,185,168,170,150,121,124,128,114,108,105,107,110,115,113,116,105,108,111,115,126,121,106,135,120,138,100,118,126,123,114,130,153,181,180,149,153,204,203,162,133,152,160,160,165,149,153,155,152,132,118,117,117,108,119,117,114,127,121,117,110,112,117,152,168,180,168,160,157,152,150,143,130,121,124,136,132,157,156,120,138,131,122,136,154,191,189,186,183,205,205,192,207,204,162,196,167,187,174,151,174,193,210,212,200,208,221,160,37,0,0,0,0],
[0,0,0,2,63,210,214,190,182,178,151,181,185,170,164,180,139,115,111,110,114,108,109,106,110,107,106,106,113,121,110,112,118,117,129,103,121,127,128,107,133,119,145,153,168,169,173,194,219,219,169,152,164,140,134,161,171,180,156,156,143,127,119,138,124,112,127,117,119,118,124,113,115,133,184,180,157,169,148,121,130,148,155,151,160,134,129,128,133,163,144,206,132,169,182,168,181,201,190,185,196,203,201,210,194,191,207,176,187,204,173,158,172,207,223,203,199,215,203,78,6,1,0,0],
[0,0,2,9,113,231,205,182,163,162,176,186,176,169,166,181,137,107,109,112,119,112,105,105,106,111,106,106,119,121,123,119,116,122,123,118,114,142,141,119,128,125,148,150,165,174,176,205,205,209,174,135,146,156,136,154,158,144,131,126,128,127,120,145,166,139,149,138,126,118,118,115,118,118,121,104,119,119,135,131,165,164,131,136,176,161,134,130,137,142,161,187,144,155,171,175,156,207,178,169,197,197,193,213,202,204,186,190,191,186,202,179,173,195,223,211,214,213,223,123,11,0,0,0],
[0,0,1,38,182,222,196,178,173,171,170,165,171,174,179,142,105,109,111,111,118,113,114,107,108,112,113,112,110,109,112,112,116,118,121,127,136,122,112,137,136,140,140,162,168,166,167,193,219,187,152,143,136,130,141,129,136,168,181,134,124,124,122,130,141,129,117,124,123,123,125,120,123,123,147,112,121,125,125,133,167,204,160,133,131,171,157,154,119,142,182,177,154,134,139,199,188,196,184,181,204,206,198,196,202,205,210,195,188,190,198,192,175,199,213,206,218,218,213,180,37,1,0,0],
[0,0,3,85,221,205,196,174,158,156,153,170,163,179,140,125,110,108,116,104,122,118,108,115,116,109,102,108,110,108,108,104,109,97,109,125,129,126,121,126,125,119,143,151,155,172,158,145,184,153,143,132,141,138,143,148,132,161,174,158,155,144,146,153,155,153,157,152,120,116,118,117,116,118,148,127,127,128,125,132,138,159,153,162,142,142,146,169,158,169,153,181,148,152,168,203,204,201,187,161,204,215,205,202,191,211,214,207,197,202,199,209,183,197,209,218,218,212,201,222,91,4,0,0],
[0,1,13,132,227,200,194,175,151,159,172,172,169,159,147,122,121,114,109,119,120,116,113,123,117,116,106,113,118,128,122,115,128,120,127,129,133,116,129,141,140,146,159,149,156,163,157,150,157,154,153,149,132,156,127,144,145,141,146,152,155,149,154,159,159,160,152,147,147,132,114,122,120,146,142,137,124,119,129,133,140,141,137,140,141,142,146,134,167,205,188,179,160,181,178,194,203,197,221,170,183,200,191,217,200,217,186,206,202,203,195,200,195,213,222,212,201,210,202,212,150,20,0,0],
[0,1,30,178,215,197,189,167,153,150,164,156,183,141,165,123,132,122,115,110,117,116,123,118,117,128,124,113,120,134,127,122,131,123,127,128,134,130,129,140,131,154,162,147,147,155,156,159,156,156,143,141,104,131,123,118,131,134,143,150,151,154,149,149,145,150,157,157,161,140,120,121,133,165,136,135,126,144,139,136,143,134,135,133,133,137,145,149,140,152,216,222,183,197,201,200,206,202,218,184,197,213,191,200,196,188,198,205,199,200,200,195,199,222,222,210,201,206,214,207,191,58,2,0],
[0,2,54,208,196,204,196,160,138,147,159,169,172,123,159,125,131,132,133,117,123,110,119,120,128,123,124,117,113,111,118,112,115,115,121,114,120,125,125,131,145,143,147,155,160,160,151,155,143,153,133,137,93,104,116,126,112,125,129,141,139,140,157,167,159,148,153,184,177,142,142,138,126,124,122,133,126,139,118,128,135,145,136,115,128,130,124,138,166,152,168,241,226,203,194,199,212,214,203,190,210,209,208,203,183,194,212,194,196,196,208,203,204,210,212,219,221,213,213,223,203,59,3,0],
[0,7,109,228,196,206,197,159,144,151,171,188,149,112,132,121,129,140,129,126,124,124,117,120,129,120,116,120,120,117,121,145,129,116,121,123,125,128,128,132,144,135,165,164,159,153,150,149,161,144,107,145,120,125,128,140,120,119,125,131,151,144,148,158,139,149,165,155,153,158,170,166,124,119,144,110,123,129,128,125,119,139,145,133,122,130,129,121,140,151,198,201,211,235,184,184,205,201,199,208,219,216,209,212,199,207,199,194,203,195,205,202,201,195,206,213,209,216,216,219,216,67,5,0],
[0,13,149,231,207,198,182,147,157,144,164,200,142,138,122,128,139,127,129,127,126,127,128,131,128,115,120,130,124,112,129,174,132,122,129,115,121,127,137,132,130,142,159,147,148,160,167,145,164,146,128,153,116,113,127,119,115,116,125,133,152,130,136,138,118,139,153,113,142,168,168,177,178,167,136,121,133,131,127,122,114,110,153,165,121,124,134,132,147,160,167,218,200,232,219,187,206,205,218,232,211,198,215,208,207,205,208,206,196,197,199,204,203,202,200,205,215,229,226,235,228,110,6,0],
[1,24,181,233,212,193,187,146,150,134,149,205,168,147,158,134,132,122,131,136,136,136,129,132,126,114,119,127,126,121,138,155,129,123,124,127,133,131,123,125,143,147,156,151,144,154,154,150,151,155,137,124,130,111,140,145,136,125,121,129,142,150,141,130,139,129,119,117,109,116,151,159,171,126,127,132,127,122,115,110,115,120,125,132,128,125,126,127,156,161,186,182,232,221,241,228,205,196,208,229,219,207,225,229,232,203,218,217,218,197,209,213,198,192,202,218,220,217,208,230,229,168,21,0],
[0,49,213,224,225,192,161,158,157,143,178,192,175,130,180,151,140,140,138,136,135,134,134,133,133,129,131,133,126,125,132,141,135,129,130,124,124,119,131,130,131,129,139,162,161,141,137,151,134,139,153,138,143,144,134,114,144,116,124,131,137,160,153,125,113,124,110,101,120,125,131,106,124,132,121,127,135,125,97,123,130,109,126,125,137,129,132,137,167,161,217,175,191,193,225,212,231,205,218,224,228,217,212,215,215,213,199,204,222,223,196,213,216,228,230,218,209,214,208,227,228,191,45,0],
[2,76,232,225,220,177,159,159,151,167,186,183,188,145,145,123,125,141,131,128,130,129,138,128,133,126,123,121,122,124,123,121,110,129,121,102,135,122,156,151,134,164,118,121,135,130,126,153,139,137,139,99,125,117,130,120,122,130,136,132,122,150,173,165,136,127,125,127,119,98,167,121,116,108,102,117,144,132,120,131,129,139,129,117,130,139,131,137,182,146,165,211,219,175,228,205,187,233,229,229,226,230,230,230,234,200,198,203,220,214,234,240,229,222,202,201,200,209,218,221,225,221,66,0],
[4,85,239,233,220,191,156,154,139,164,193,133,127,168,129,176,134,137,132,136,126,127,133,128,118,130,127,121,123,115,149,153,130,113,107,112,126,141,136,110,129,158,116,131,147,131,136,142,131,121,134,98,91,102,123,137,126,113,122,132,147,155,182,181,166,182,150,121,128,119,121,118,118,131,143,114,118,127,129,139,131,142,139,136,125,119,121,137,150,154,135,196,208,238,225,235,221,218,238,236,230,240,215,230,230,198,221,244,250,237,226,196,211,215,222,218,214,217,209,218,201,213,114,4],
[6,134,238,237,208,193,187,140,157,180,198,113,134,152,131,166,112,164,125,136,130,139,129,120,113,120,125,139,129,138,146,161,164,140,112,117,132,117,99,121,124,155,119,124,135,131,132,123,119,110,119,90,92,94,115,111,121,126,142,140,145,175,203,200,176,156,143,124,106,133,116,136,128,136,141,121,114,127,153,151,135,123,127,126,142,147,138,165,188,164,194,226,208,209,214,218,246,230,223,239,227,225,237,248,240,244,239,228,234,204,206,212,199,203,224,227,216,203,203,215,223,199,150,14],
[11,158,243,228,203,179,172,158,153,180,186,145,183,164,127,140,143,136,133,132,136,141,130,127,120,118,120,122,122,157,156,156,161,137,129,126,117,114,125,156,168,143,113,129,118,124,127,116,113,114,120,103,103,113,108,139,134,138,150,150,146,163,169,182,187,162,167,149,146,183,165,140,123,181,172,120,108,109,124,120,118,132,130,133,133,126,113,153,193,208,206,204,216,205,235,216,230,243,230,224,211,198,222,229,237,214,200,208,206,219,215,221,212,222,226,224,217,209,212,213,213,207,147,18],
[19,179,250,235,201,197,189,147,140,180,174,175,161,159,136,136,130,139,135,132,144,144,146,153,159,116,124,160,166,154,164,160,151,161,151,99,115,124,116,156,178,138,132,122,118,121,120,119,143,130,103,116,123,126,115,132,122,147,179,151,138,162,170,188,174,175,165,169,164,136,157,177,130,138,125,145,109,139,151,150,143,178,167,149,137,133,160,177,192,207,218,232,241,240,248,248,246,243,238,214,217,227,202,234,227,233,240,235,230,217,223,236,221,223,209,214,230,223,216,215,225,208,158,17],
[24,196,252,238,205,200,171,128,145,175,171,184,170,170,145,143,146,133,152,138,149,147,133,137,127,122,142,146,134,141,166,175,164,167,149,117,119,112,141,174,159,154,153,143,116,124,116,109,140,126,117,130,123,139,122,130,155,152,167,160,159,174,170,165,163,169,167,177,170,175,172,169,122,132,179,133,141,190,187,177,166,181,161,150,151,142,158,161,201,199,213,245,216,239,246,247,250,249,218,217,246,254,226,222,238,230,237,244,241,244,236,220,224,216,218,216,224,222,213,206,228,207,152,13],
[31,204,249,235,219,191,165,139,143,169,184,179,168,201,158,139,149,144,156,140,149,162,148,140,138,139,150,151,146,154,149,160,169,158,124,131,117,135,172,157,143,163,147,108,103,93,94,99,129,132,136,135,139,129,94,114,123,159,161,159,181,215,180,169,177,174,174,182,181,177,170,130,125,122,148,141,180,195,190,188,185,173,159,157,161,155,154,166,206,225,234,243,229,242,248,247,245,231,229,215,235,249,236,207,237,239,233,242,247,227,231,240,242,235,221,225,235,209,210,192,220,211,162,20],
[45,220,251,233,233,200,171,157,151,168,211,200,177,197,151,137,137,138,145,149,163,166,149,153,150,142,142,163,154,139,148,159,161,167,151,171,151,183,154,161,147,141,145,123,104,90,113,133,157,152,158,157,146,140,121,122,144,149,155,162,166,175,173,176,181,181,179,171,208,188,167,182,176,169,176,182,172,178,202,179,184,196,190,162,187,186,191,213,223,221,236,235,236,240,240,248,242,232,236,220,219,229,219,210,237,232,247,238,246,221,223,225,228,239,241,248,234,225,213,192,214,203,197,43],
[44,224,251,227,222,194,165,160,157,166,198,201,202,195,167,187,157,136,164,161,167,157,142,152,155,143,151,161,152,137,142,156,153,172,167,163,179,156,154,175,166,153,142,122,106,107,115,140,151,151,199,161,166,156,138,143,138,139,147,182,168,157,181,191,184,188,172,161,167,180,180,186,160,184,191,176,176,176,185,188,201,194,189,199,217,204,193,218,229,241,230,243,248,235,223,244,247,245,239,233,222,202,214,216,239,239,232,234,241,234,225,210,216,216,232,243,242,239,223,218,210,201,210,55],
[50,230,247,220,208,194,178,169,157,156,150,193,198,189,178,166,188,164,143,152,159,153,141,161,161,151,161,163,166,148,144,143,152,163,181,176,173,162,167,160,153,150,141,137,133,134,129,155,151,150,186,167,171,142,139,127,121,121,128,162,174,173,187,200,187,179,160,163,157,162,205,166,180,188,194,186,195,192,188,192,190,204,204,205,207,218,218,223,228,226,232,239,252,250,251,248,245,244,241,237,240,228,238,232,231,237,227,218,239,229,224,234,225,234,243,224,237,233,226,216,219,212,206,48],
[58,229,238,217,205,187,187,172,153,155,148,178,190,189,181,161,173,207,151,158,161,158,143,179,172,158,166,165,174,155,139,136,134,169,192,195,171,166,169,155,135,126,122,126,127,126,142,157,154,155,152,147,157,152,151,126,128,121,123,143,172,172,179,190,188,182,173,171,168,164,195,160,180,169,171,184,194,193,191,191,189,199,209,202,191,213,214,223,233,207,233,250,251,250,250,247,239,233,243,242,236,230,229,244,237,229,239,206,231,229,207,217,241,246,246,233,235,241,218,222,226,202,199,51],
[57,228,230,216,202,196,187,177,158,160,170,187,189,197,180,206,177,166,163,157,153,145,133,152,156,154,168,162,175,171,132,112,136,184,200,204,175,156,151,159,134,115,120,124,115,119,152,159,159,173,161,165,153,166,141,137,150,128,137,155,174,176,181,180,182,187,174,167,159,174,184,188,183,187,188,188,193,202,195,180,185,187,189,188,187,191,220,217,220,195,246,246,251,243,247,244,245,241,248,249,232,233,234,232,241,241,241,217,236,226,214,232,231,221,229,245,228,233,230,225,225,214,202,53],
[62,232,219,210,192,203,176,174,165,162,163,177,180,189,187,198,188,174,195,177,150,148,145,140,138,147,167,166,165,169,136,126,188,167,174,184,169,168,124,130,130,120,125,130,123,120,142,153,172,181,166,154,169,192,130,139,148,141,161,163,166,170,178,186,175,173,167,169,164,183,171,173,186,176,191,185,184,196,183,168,178,187,187,198,195,213,243,232,216,228,246,243,242,225,239,236,241,248,246,244,226,236,238,230,242,243,243,235,231,234,228,225,225,218,220,231,230,220,224,226,214,211,209,49],
[55,231,211,201,190,197,178,176,172,171,155,156,177,179,188,185,197,177,179,184,159,191,144,148,143,152,155,151,138,169,177,158,187,159,165,164,155,151,159,141,114,117,127,126,116,107,135,146,157,162,161,132,149,173,149,143,149,175,159,162,169,172,179,178,180,182,190,189,176,177,175,164,181,173,185,177,176,191,177,171,173,190,186,201,221,229,222,240,242,227,242,236,217,237,240,234,239,238,237,237,233,229,229,227,242,247,232,223,235,231,222,225,224,215,212,216,219,221,223,206,232,202,208,42],
[47,222,213,213,210,199,167,174,178,158,168,176,159,155,184,188,190,207,167,167,151,182,152,144,149,150,132,143,162,181,181,148,172,194,171,151,166,142,138,160,124,121,123,121,115,98,110,140,145,166,155,164,166,161,173,178,151,182,179,172,179,181,190,179,184,191,175,174,175,185,185,198,182,184,184,195,186,185,180,182,196,196,188,212,242,236,222,232,234,228,218,202,221,219,229,227,243,235,240,234,236,210,224,225,237,249,198,216,235,197,228,215,206,211,221,218,217,219,231,203,233,209,204,38],
[37,210,221,208,203,216,174,166,164,168,171,177,159,168,164,189,182,200,173,167,194,194,178,170,155,185,170,143,143,171,148,169,152,163,155,148,155,153,136,145,115,121,121,118,122,120,121,118,131,165,174,194,214,172,172,188,183,193,196,180,174,176,175,170,184,195,189,197,166,184,174,196,177,168,170,194,213,179,189,183,192,194,204,217,213,232,219,245,214,228,220,232,233,221,243,227,227,246,226,224,239,236,232,235,241,243,217,191,231,195,225,216,220,196,220,225,224,208,213,221,236,203,205,39],
[31,203,218,200,202,201,189,171,159,163,159,169,160,183,179,175,186,164,201,211,192,190,203,186,171,162,137,135,135,156,142,159,155,139,142,132,137,122,130,141,127,115,120,111,108,109,118,135,161,154,162,200,187,165,180,183,186,177,183,192,189,189,192,198,190,180,179,192,169,176,169,185,205,176,196,205,217,202,192,180,175,186,210,213,170,212,233,237,220,237,243,231,233,210,219,231,235,245,231,233,231,225,242,225,230,218,241,232,230,207,212,215,212,212,218,215,219,218,215,224,244,215,193,26],
[27,187,212,199,197,186,182,168,163,167,165,163,166,175,202,163,199,199,177,215,162,184,191,201,175,160,133,134,127,127,134,122,112,101,120,123,137,113,172,137,140,121,122,113,106,93,100,130,143,133,163,174,177,177,181,173,195,199,191,187,191,204,189,190,191,203,190,191,166,166,168,201,196,174,178,181,219,176,177,183,189,189,181,188,184,199,246,235,227,229,234,215,250,230,219,225,238,232,218,231,229,228,226,229,206,247,224,233,241,223,224,221,202,201,215,222,228,215,219,223,238,226,177,17],
[14,163,211,200,196,185,185,182,171,149,153,189,182,162,174,193,200,180,219,210,197,197,141,137,125,131,134,138,127,118,121,117,120,121,109,122,158,132,130,108,129,133,116,113,108,91,104,127,147,162,135,160,171,164,178,218,205,178,187,190,193,187,174,180,190,197,194,184,189,188,203,179,180,182,182,184,199,197,209,207,193,174,189,192,183,183,192,217,247,207,242,204,228,249,228,219,230,238,211,213,241,230,221,229,238,231,216,242,212,209,216,204,213,226,211,209,211,208,228,226,245,238,150,9],
[10,146,223,209,194,184,186,161,156,167,177,206,191,170,170,196,190,196,157,190,177,141,121,124,122,123,128,132,142,129,121,118,111,114,107,100,111,134,135,119,154,210,174,114,131,116,109,127,143,150,132,186,204,186,172,183,198,205,194,212,219,189,201,204,205,213,207,207,191,209,197,175,181,190,191,187,189,209,187,176,182,172,175,189,204,223,183,225,237,217,227,244,208,220,229,221,234,217,212,227,230,227,223,197,222,228,221,216,207,206,214,230,204,208,211,214,214,218,224,230,227,236,117,2],
[3,118,232,204,203,192,195,170,153,154,167,198,180,157,203,218,189,184,175,175,175,124,136,150,129,113,112,118,136,129,130,120,114,119,113,114,103,130,144,123,133,198,174,137,148,132,136,139,151,168,173,201,197,186,204,204,195,190,199,188,187,185,190,200,227,239,206,186,187,188,166,187,198,174,195,212,168,173,163,173,188,195,188,201,219,191,209,217,208,219,228,218,224,215,222,202,228,233,233,242,239,209,234,236,242,218,204,229,210,211,211,232,215,205,208,209,215,223,229,216,228,225,97,2],
[4,87,230,191,194,202,195,176,160,156,169,193,176,170,177,208,194,177,199,188,150,112,128,137,129,114,114,124,132,128,123,114,107,109,107,129,136,141,130,143,146,160,163,146,113,124,144,132,145,169,180,174,212,220,214,208,192,188,194,184,179,183,183,197,227,231,198,184,205,175,187,179,183,200,199,199,191,174,180,182,196,177,209,215,234,216,214,209,199,236,198,217,213,213,222,225,221,215,229,225,238,217,211,201,201,226,203,214,206,207,195,232,228,221,219,231,236,224,223,219,218,204,67,2],
[2,72,223,195,195,198,180,152,162,161,176,175,171,191,185,178,184,179,192,197,191,119,136,139,130,124,139,125,114,118,120,123,117,119,123,117,103,128,159,115,150,118,132,146,130,135,127,167,153,158,181,198,215,214,214,213,214,203,186,177,182,199,190,198,216,207,185,200,194,193,197,200,199,187,196,189,172,180,182,190,186,198,206,199,226,232,204,199,203,211,227,216,211,239,239,221,211,214,225,214,213,213,209,213,206,243,205,214,203,208,201,204,217,208,201,217,212,197,209,223,222,204,48,1],
[0,46,211,207,194,212,195,165,143,161,165,168,174,190,213,175,184,174,186,180,177,128,129,130,134,128,124,121,119,118,118,115,128,125,118,118,117,105,153,129,127,117,115,134,141,173,173,199,192,175,187,188,186,210,215,214,210,198,200,190,198,198,196,196,197,197,187,200,179,196,203,183,206,183,227,217,179,188,188,204,205,204,192,209,223,226,216,205,185,200,213,210,234,214,220,213,191,207,206,201,201,200,181,207,222,227,193,210,207,199,202,216,211,207,210,221,213,214,228,227,229,190,39,1],
[0,24,178,222,196,208,191,168,146,158,159,168,177,183,187,192,177,184,179,182,183,145,123,134,132,127,126,126,129,125,122,123,124,119,123,120,122,110,120,139,119,129,160,156,148,151,168,175,170,184,207,175,188,198,200,204,195,181,196,178,197,189,183,196,190,198,174,200,203,181,187,183,180,204,199,182,193,190,186,192,189,193,195,215,217,192,198,194,184,199,210,213,211,221,218,207,203,211,221,206,216,203,191,204,224,202,199,193,208,192,213,225,202,206,198,193,219,212,225,213,220,136,14,0],
[1,8,141,234,207,211,193,161,150,156,147,167,186,173,176,171,182,142,172,185,182,164,135,135,127,124,124,131,134,133,128,123,119,112,115,116,124,120,103,174,156,127,161,165,151,165,178,177,178,185,169,184,189,170,196,196,181,179,198,194,201,192,192,201,204,200,192,203,195,184,209,187,184,197,208,183,195,189,194,205,207,200,201,212,190,191,202,186,193,192,198,236,199,237,205,202,202,211,221,208,200,188,193,203,208,210,214,184,221,200,204,215,216,206,204,202,214,212,212,206,209,121,8,0],
[1,3,90,233,210,218,198,174,149,155,155,161,186,167,158,164,188,155,147,177,174,160,145,138,129,124,125,126,129,127,130,123,126,123,124,129,130,126,115,179,224,141,128,176,189,188,136,160,197,189,190,185,174,167,186,193,191,187,195,194,197,190,183,190,207,200,191,214,193,185,205,176,203,197,208,191,199,200,190,192,204,217,204,210,200,199,182,184,195,191,210,224,209,207,186,204,196,218,222,215,206,192,200,187,208,203,197,195,215,205,213,202,202,200,206,207,207,214,217,198,204,97,4,0],
[0,3,57,208,211,227,208,178,153,150,157,179,182,161,168,158,174,155,146,149,155,170,157,136,128,125,127,122,124,127,128,131,134,146,145,136,130,126,122,145,204,157,151,175,151,176,156,159,172,161,167,173,173,158,171,177,194,192,202,194,190,207,200,192,193,192,183,197,200,212,199,187,203,202,174,196,178,182,189,195,204,204,199,200,164,184,185,202,193,192,191,219,223,183,200,203,198,222,231,240,201,200,201,190,227,197,199,217,207,202,218,199,200,206,213,211,206,211,201,202,201,67,4,0],
[0,2,25,175,236,232,209,188,166,148,164,184,169,151,191,145,174,146,152,145,129,185,158,119,130,129,132,131,131,135,130,131,133,132,125,126,131,130,123,111,163,166,157,131,113,145,161,146,157,160,153,169,160,163,155,159,190,195,193,196,182,203,198,188,186,188,195,209,222,230,203,199,201,189,182,192,195,190,192,199,202,208,198,195,183,191,191,204,194,207,200,227,203,191,204,212,209,213,204,209,193,201,197,187,210,204,195,206,216,202,195,200,204,200,204,203,208,210,210,200,159,34,1,0],
[0,0,11,118,245,237,222,205,172,148,155,162,163,143,184,143,173,165,155,152,141,165,149,136,142,138,142,139,133,129,130,132,125,127,130,128,134,131,128,138,150,150,149,123,121,118,130,127,132,140,147,162,133,185,176,167,180,175,182,199,200,190,194,214,209,197,200,220,227,198,194,201,210,179,188,181,186,201,204,189,187,196,188,192,191,186,189,189,184,209,228,202,191,195,222,216,211,206,194,192,189,197,204,181,199,210,202,208,212,198,201,197,192,199,199,201,202,205,199,187,128,15,1,0],
[0,0,5,65,222,230,235,219,183,169,176,169,174,160,175,163,194,178,159,152,161,143,129,138,137,129,136,129,135,132,129,135,127,122,124,127,127,127,129,128,176,147,124,117,112,111,112,111,113,116,121,135,130,155,148,170,163,183,199,192,192,200,212,223,209,209,189,208,208,190,209,188,191,187,178,194,198,195,188,197,190,190,192,185,182,193,187,216,212,223,223,186,208,188,212,203,222,215,210,205,201,203,200,193,203,195,209,204,201,206,203,201,192,197,202,205,207,202,195,177,66,5,0,0],
[0,1,1,31,175,236,227,235,198,181,183,192,199,195,178,177,196,174,144,148,162,135,129,130,133,127,133,130,124,124,123,124,116,122,129,126,131,127,119,122,159,118,102,110,108,113,106,109,114,112,112,134,128,144,159,152,133,183,190,182,203,222,242,243,208,202,185,198,231,200,197,187,185,198,202,217,197,195,197,200,188,181,182,170,200,197,215,210,209,230,207,203,195,177,199,206,212,213,211,211,207,201,196,194,209,192,211,201,198,200,198,205,180,190,191,202,202,187,201,135,19,0,0,0],
[0,1,0,8,102,230,222,238,208,199,194,186,183,173,164,171,182,167,154,169,145,131,138,137,121,121,120,121,121,124,121,129,123,125,126,125,128,131,114,116,110,100,106,114,123,110,104,108,114,126,131,128,117,113,154,166,130,188,183,212,216,204,211,214,217,215,214,234,208,202,191,197,199,198,202,199,186,198,199,178,190,181,178,189,205,211,238,193,202,197,188,197,184,197,184,202,218,207,216,221,200,206,199,183,194,202,203,211,185,201,193,207,198,202,197,199,203,198,198,79,5,1,0,0],
[0,0,1,1,55,201,224,227,214,192,200,202,202,184,158,178,177,175,177,186,159,161,149,141,141,128,111,116,119,133,139,134,123,131,127,128,134,125,106,120,168,124,111,111,117,114,110,111,110,139,129,124,122,114,117,134,135,204,180,204,219,213,212,207,203,217,218,227,210,202,207,204,204,210,202,202,194,187,179,183,192,195,200,194,185,221,199,209,199,189,204,192,198,199,189,190,216,218,200,191,196,193,185,196,193,193,210,202,187,198,208,205,187,184,196,203,210,194,162,44,1,2,0,0],
[0,0,1,0,19,141,235,215,224,210,195,194,190,189,184,163,183,171,170,175,147,169,178,179,178,177,133,120,119,116,129,137,131,129,128,132,133,119,118,108,147,119,112,112,111,112,107,111,117,118,121,129,121,118,122,120,132,146,171,194,204,209,203,200,175,184,230,197,187,204,202,211,208,199,198,189,185,194,200,186,176,191,196,199,187,221,198,180,175,217,201,182,198,192,182,187,215,205,191,187,195,207,198,193,201,198,209,190,206,208,190,199,196,209,218,207,188,192,118,18,0,2,0,0],
[0,2,0,0,1,65,198,219,221,201,197,201,191,225,178,168,192,161,149,174,146,149,158,181,191,188,169,126,114,115,119,121,127,138,127,122,118,112,139,117,110,111,117,114,107,105,116,124,119,130,120,115,116,109,128,120,141,161,192,197,213,206,180,171,170,189,199,215,207,223,232,250,224,212,216,200,218,224,202,209,192,182,188,228,216,193,176,181,205,220,217,187,207,194,183,200,215,213,187,187,194,215,203,197,198,203,205,214,202,218,190,203,200,199,201,209,195,175,63,4,0,1,2,0],
[0,0,1,0,0,18,135,224,216,217,204,193,201,188,179,167,181,175,171,129,151,156,153,165,195,221,189,159,137,126,123,113,116,113,134,124,115,114,136,127,125,111,115,113,119,115,105,123,129,129,111,114,125,120,127,117,121,135,183,192,201,168,165,179,176,171,181,203,208,206,239,231,231,205,209,208,194,195,197,197,197,213,233,228,209,185,224,202,193,210,194,179,190,191,186,206,209,191,187,195,193,218,211,208,187,192,211,192,207,212,181,191,187,199,208,191,192,125,19,0,0,0,0,0],
[0,0,0,0,0,0,66,201,197,193,192,192,203,189,185,179,183,163,179,144,145,150,141,155,160,175,180,172,167,108,145,159,117,135,112,119,136,122,126,127,116,114,114,113,143,140,113,103,117,110,112,106,110,135,134,143,127,140,189,182,189,142,134,161,157,160,187,212,197,213,186,222,209,221,225,212,206,197,198,199,202,209,227,221,205,190,182,204,202,199,209,198,202,191,174,202,194,184,201,189,207,223,208,207,196,206,210,206,199,176,184,196,188,183,204,198,175,73,3,0,0,0,0,0],
[0,0,0,0,0,0,21,145,227,175,188,204,206,207,193,178,156,206,160,150,150,151,152,149,176,170,186,181,188,168,176,158,157,146,98,128,143,142,114,120,120,126,120,117,126,130,117,108,108,113,121,128,121,116,114,118,123,135,136,138,141,149,137,146,154,176,180,220,224,209,206,213,211,241,236,232,204,199,200,204,205,225,214,195,184,203,193,196,199,209,192,200,178,176,189,216,181,177,192,183,199,222,213,213,196,190,202,211,176,187,193,195,194,202,192,183,131,28,0,0,0,0,0,0],
[0,0,0,0,0,0,2,80,211,222,203,191,197,201,185,191,178,206,206,213,188,166,163,185,191,172,198,186,194,193,172,158,160,208,163,196,147,134,117,109,115,114,118,123,121,129,119,119,112,110,103,110,127,118,115,129,117,121,130,145,149,135,151,163,158,173,183,177,207,193,194,212,235,220,231,211,219,199,193,199,226,225,197,214,205,187,198,188,192,187,186,182,182,192,202,209,196,201,204,221,206,203,214,208,200,200,211,206,177,183,192,173,180,184,183,179,77,4,0,0,0,0,0,0],
[0,0,0,0,0,0,0,20,135,220,214,191,191,231,205,199,188,175,202,173,215,200,156,188,213,196,200,205,215,210,205,184,170,158,163,174,174,179,157,120,109,123,120,128,123,111,111,112,115,113,113,121,109,119,121,121,128,129,139,131,135,139,148,154,147,151,161,184,166,195,192,193,198,179,206,194,190,205,207,211,219,192,190,188,201,200,202,196,193,190,194,194,195,183,208,191,195,198,196,199,193,196,216,209,201,211,198,197,201,195,184,191,190,170,183,126,22,0,0,0,0,0,0,0],
[0,0,0,0,1,0,0,0,53,178,215,210,164,175,220,206,190,192,193,187,198,190,155,147,207,203,192,198,203,209,194,190,177,189,184,177,166,154,141,127,120,117,126,128,106,105,112,111,122,119,115,119,112,131,127,121,133,120,124,130,150,161,153,144,153,158,154,137,165,186,187,166,176,175,181,182,200,201,209,201,184,184,184,201,200,202,200,186,197,189,190,197,169,188,207,181,205,200,201,201,197,200,222,198,207,200,200,192,189,202,165,192,171,179,165,59,0,1,1,0,0,0,0,0],
[0,0,1,0,0,0,3,0,4,109,198,194,186,178,192,183,199,215,203,195,180,198,209,175,201,199,210,199,198,217,223,204,182,168,176,162,152,158,163,155,127,113,106,108,109,114,120,114,112,127,113,117,119,141,129,122,114,133,136,137,167,174,144,154,166,170,151,209,212,173,173,151,155,155,152,155,175,202,203,191,186,181,186,206,203,214,194,193,187,184,191,190,181,196,191,189,207,201,212,203,200,204,232,210,198,192,188,179,168,178,182,189,176,172,105,9,0,1,2,1,0,0,0,0],
[0,0,0,0,0,0,1,0,0,37,170,217,210,184,178,189,188,194,215,191,178,187,212,211,200,208,199,199,203,206,215,200,184,172,169,176,125,132,142,141,137,117,108,114,116,113,115,113,112,114,111,127,130,126,121,121,137,178,194,203,176,182,180,179,174,171,157,174,175,166,162,158,143,155,156,152,166,175,146,163,180,182,187,206,201,189,187,190,186,186,190,179,185,201,184,193,191,205,206,200,196,229,225,200,185,199,167,162,186,170,197,174,179,140,40,0,0,1,0,0,0,0,0,0],
[0,0,0,0,0,0,0,0,0,0,87,208,209,201,175,192,199,173,197,183,194,209,209,210,206,207,203,200,206,189,205,203,190,153,131,150,161,146,144,129,128,124,109,110,114,111,111,111,123,113,124,121,121,127,177,152,202,197,178,178,176,192,189,177,186,185,173,133,174,165,148,141,135,151,145,134,165,166,143,166,188,196,201,200,189,189,185,189,189,188,195,193,203,199,189,186,185,208,198,205,217,234,203,180,190,189,180,170,178,180,190,181,182,76,0,0,0,0,0,0,0,0,0,0],
[0,0,0,0,0,0,0,0,0,0,28,146,201,218,186,169,200,197,164,200,201,199,196,202,182,199,215,207,197,202,207,198,206,179,142,148,149,139,130,126,119,117,119,110,108,114,112,110,112,108,121,117,118,121,184,198,210,176,174,175,180,180,186,179,185,198,179,144,146,148,132,138,142,139,143,146,126,173,177,183,185,189,189,188,195,183,184,191,222,202,195,202,206,194,185,195,202,192,201,217,204,219,190,179,178,184,184,166,178,166,176,176,120,16,0,0,0,0,1,1,0,0,0,0],
[0,0,0,0,0,0,0,0,0,2,0,44,172,211,218,194,174,221,198,187,201,201,200,213,210,204,206,212,205,196,202,193,192,195,204,189,157,130,111,114,129,126,120,113,109,110,108,113,112,119,120,135,139,106,164,181,192,174,175,177,184,180,180,186,177,183,177,146,138,136,137,142,146,131,142,151,127,139,170,198,181,178,196,185,184,177,204,196,221,196,193,198,193,196,181,175,199,206,204,212,199,211,186,165,173,209,188,177,172,167,157,137,41,0,0,0,0,0,0,0,0,0,0,0],
[0,0,0,0,0,0,0,0,0,0,1,0,92,203,210,208,188,192,210,196,208,193,183,203,208,226,213,208,195,184,187,196,201,188,197,206,157,119,139,135,106,95,107,116,111,112,109,119,108,126,136,127,139,118,133,141,183,185,171,173,174,177,192,200,186,194,202,156,137,145,145,144,157,140,132,137,137,159,180,207,201,181,181,178,190,186,196,194,193,192,204,192,194,195,193,195,204,204,206,209,204,196,182,172,194,198,180,153,153,158,142,80,5,0,0,0,0,0,0,0,0,0,0,0],
[0,0,0,0,0,0,0,0,0,0,2,0,11,132,217,185,152,211,184,204,207,215,202,198,197,206,204,207,200,191,206,178,161,154,168,189,197,139,176,177,142,137,114,100,101,119,121,118,111,124,133,125,119,121,106,138,167,181,194,183,166,169,192,225,230,198,187,163,174,145,151,147,154,127,127,124,111,160,201,198,186,169,152,173,179,184,183,197,196,183,210,201,195,188,184,205,200,200,210,191,197,181,178,169,185,185,140,159,137,116,112,19,0,1,0,0,0,0,1,0,0,0,0,0],
[0,0,0,0,0,0,0,0,0,1,1,1,0,28,159,217,175,188,190,201,203,187,195,195,205,189,197,224,234,201,185,159,174,172,196,176,199,201,169,182,166,165,147,111,125,131,119,110,102,116,119,122,116,110,120,141,191,159,175,167,173,171,167,189,200,183,174,180,188,125,144,165,155,155,147,147,142,146,171,154,142,182,193,193,181,197,198,185,196,172,188,195,204,184,176,198,205,208,196,184,189,175,177,182,219,157,145,139,109,110,40,0,1,1,1,0,0,0,0,0,0,0,0,0],
[0,0,0,0,0,0,0,0,0,1,0,2,2,0,48,192,214,191,200,209,224,219,212,196,209,206,208,215,201,184,190,189,194,192,183,203,198,215,183,173,183,189,182,142,110,109,100,140,163,130,124,137,132,122,141,118,146,160,171,168,177,167,164,173,192,223,207,190,195,168,176,184,186,216,206,186,180,157,146,143,154,197,205,202,197,180,198,195,215,179,200,201,207,181,194,215,214,201,177,180,183,176,173,197,193,160,152,107,124,42,2,0,2,2,1,0,0,0,0,0,0,0,0,0],
[0,0,0,0,0,0,0,0,0,0,0,0,1,1,2,59,195,221,189,195,193,212,228,228,196,200,201,190,198,204,190,165,178,175,186,182,189,215,222,166,185,179,189,141,90,139,171,171,128,121,120,122,125,136,134,145,175,191,160,153,174,158,147,187,180,166,184,191,213,204,194,205,189,198,220,189,162,163,179,189,191,209,192,186,202,182,180,199,195,183,195,215,209,191,220,224,194,176,177,178,169,184,174,188,158,149,130,123,60,2,0,0,0,0,0,0,0,0,0,0,0,0,0,0],
[0,0,0,0,0,0,0,0,0,0,0,0,0,3,1,1,80,220,216,177,194,191,192,225,216,214,203,200,202,208,202,182,170,197,183,189,200,207,227,210,152,168,172,181,134,115,149,161,148,128,141,134,142,152,140,141,150,123,114,142,175,167,120,157,162,168,211,235,193,197,156,198,206,152,142,162,183,183,163,193,182,171,184,211,199,211,194,193,198,203,200,224,216,204,226,197,170,173,178,173,169,168,176,181,146,140,123,52,4,1,0,0,0,0,0,0,0,0,0,0,0,0,0,0],
[0,0,0,0,0,0,0,0,0,0,0,0,1,5,0,2,7,89,220,210,185,204,199,206,194,196,220,224,188,191,189,194,158,170,196,206,198,215,214,248,216,188,167,185,153,157,170,141,146,142,162,157,152,189,159,131,104,127,121,119,122,168,167,140,118,159,159,153,169,167,165,193,207,136,133,173,161,176,204,155,165,193,217,188,203,212,222,220,208,223,232,216,219,214,214,173,181,183,188,191,184,173,186,135,126,137,55,4,0,1,0,0,0,0,0,0,0,0,0,0,0,0,0,0],
[0,0,0,0,0,0,0,0,0,1,0,0,0,0,1,2,0,8,102,217,199,171,191,190,190,195,200,187,184,159,184,180,189,199,185,171,184,190,218,225,217,220,226,190,158,143,147,139,135,164,169,142,116,127,98,100,141,130,132,121,130,123,118,138,144,178,153,162,140,213,192,189,150,198,193,186,153,130,137,167,197,206,198,193,192,223,220,214,235,250,217,193,224,207,206,207,189,167,166,172,170,185,169,123,142,50,3,1,0,0,0,0,0,0,0,0,0,0,0,0,0,0,0,0],
[0,0,0,0,0,0,0,0,0,0,0,0,0,0,0,0,0,0,8,90,208,186,174,195,186,178,191,199,198,189,195,195,220,154,124,130,133,164,172,200,165,209,216,198,195,207,181,131,130,172,174,171,142,151,148,137,118,112,122,125,126,117,118,129,123,156,161,174,114,132,153,137,174,205,184,169,197,184,154,179,181,182,188,207,211,208,199,237,241,225,210,214,217,206,195,205,185,176,168,173,175,161,114,145,66,5,0,0,0,0,0,0,0,0,0,0,0,0,0,0,0,0,0,0],
[0,0,0,0,0,0,0,0,0,0,0,0,0,0,0,0,0,2,0,9,86,203,193,190,191,174,180,191,209,188,176,169,180,139,158,141,154,130,122,163,169,155,205,218,201,204,216,172,135,128,143,135,121,110,128,126,132,127,131,112,127,131,131,117,112,106,111,139,144,205,208,183,200,179,155,155,154,183,189,183,187,194,214,210,207,225,228,232,194,214,216,247,218,170,170,185,169,172,165,169,137,135,138,62,6,0,0,0,0,0,0,0,0,0,0,0,0,0,0,0,0,0,0,0],
[0,0,0,0,0,0,0,0,0,0,0,0,0,0,0,0,0,0,0,0,7,83,192,197,195,202,177,194,210,213,206,174,160,138,132,149,138,132,139,132,121,124,134,172,188,191,193,186,175,144,135,124,133,120,125,110,108,108,122,118,121,116,111,133,134,136,138,134,125,153,160,141,179,142,164,151,121,142,136,156,178,177,182,192,223,214,213,210,229,237,242,226,187,188,181,182,172,152,145,138,121,131,53,3,0,1,0,0,0,0,0,0,0,0,0,0,0,0,0,0,0,0,0,0],
[0,0,0,0,0,0,0,0,0,0,0,0,0,0,0,0,0,2,0,1,0,2,60,177,204,204,206,197,200,174,182,187,155,128,157,159,128,133,132,129,128,136,123,156,189,189,188,188,185,174,125,118,116,109,122,126,122,111,111,117,122,124,122,121,101,109,122,143,133,150,180,193,219,157,162,144,152,137,149,176,178,179,185,188,196,220,212,201,236,221,210,188,175,191,173,181,177,159,155,141,116,37,0,0,0,0,0,1,0,0,0,0,0,0,0,0,0,0,0,0,0,0,0,0],
[0,0,0,0,0,0,0,0,0,0,0,0,0,0,0,0,0,0,0,0,0,0,0,47,151,190,200,207,193,211,194,166,155,147,131,139,133,128,130,122,121,119,121,118,139,188,187,185,189,190,152,101,110,113,112,119,122,117,116,121,122,112,110,113,115,114,127,123,133,149,138,176,187,147,150,152,136,138,151,174,189,185,185,183,204,193,183,210,216,179,201,199,175,166,184,172,161,155,127,79,30,2,0,0,0,0,0,0,0,0,0,0,0,0,0,0,0,0,0,0,0,0,0,0],
[0,0,0,0,0,0,0,0,0,0,0,0,0,0,0,0,0,0,0,0,0,1,1,0,20,108,189,209,198,213,182,194,214,183,122,139,122,126,128,125,124,130,134,124,108,149,175,181,184,187,198,181,122,98,107,115,106,105,116,117,115,120,121,124,127,130,141,134,137,158,152,154,138,144,147,169,160,183,196,186,181,181,179,197,210,206,217,198,166,206,195,196,169,168,160,156,142,111,48,4,0,1,1,0,0,0,0,0,0,0,0,0,0,0,0,0,0,0,0,0,0,0,0,0],
[0,0,0,0,0,0,0,0,0,0,0,0,0,0,0,0,1,0,0,0,1,2,0,0,0,4,73,174,212,200,172,200,180,162,157,132,118,126,122,121,122,121,120,123,117,123,166,181,162,182,180,168,169,108,115,110,108,115,118,117,119,122,114,137,134,136,146,146,139,138,130,129,134,151,145,153,188,216,184,201,192,179,193,199,194,202,178,176,208,203,171,173,172,167,165,141,92,46,4,0,2,0,0,1,0,0,0,0,0,0,0,0,0,0,0,0,0,0,0,0,0,0,0,0],
[0,0,0,0,0,0,0,0,0,0,0,0,0,0,0,0,0,0,0,0,1,0,1,0,1,0,0,36,126,196,214,211,184,164,154,169,115,113,118,115,111,113,115,122,117,146,178,180,172,183,176,186,191,157,111,108,111,116,123,123,130,137,128,131,134,149,143,143,135,148,147,141,147,166,174,151,184,182,187,187,179,181,190,197,198,184,173,210,198,175,173,157,169,159,139,71,14,0,0,0,1,2,1,0,0,0,0,0,0,0,0,0,0,0,0,0,0,0,0,0,0,0,0,0],
[0,0,0,0,0,0,0,0,0,0,0,0,0,0,0,0,0,0,0,0,0,0,0,0,0,1,0,0,14,83,153,194,209,199,171,168,158,130,107,108,125,121,115,105,118,155,181,174,173,189,187,179,178,142,106,132,122,129,130,144,139,139,134,137,144,165,167,172,155,151,156,172,170,165,169,175,170,169,168,157,170,187,176,178,185,184,190,183,174,164,173,164,135,78,38,4,0,0,0,0,0,0,0,0,0,0,0,0,0,0,0,0,0,0,0,0,0,0,0,0,0,0,0,0],
[0,0,0,0,0,0,0,0,0,0,0,0,0,0,0,0,0,0,0,0,0,0,0,0,1,0,0,1,0,0,33,102,176,207,203,191,183,170,152,123,119,138,172,156,172,173,174,164,127,179,192,164,173,146,137,137,140,131,119,133,131,122,116,156,177,185,181,199,176,150,169,172,155,140,131,158,163,154,154,172,169,162,172,186,185,173,170,144,150,152,171,119,44,4,0,0,0,0,0,0,0,0,0,0,0,0,0,0,0,0,0,0,0,0,0,0,0,0,0,0,0,0,0,0],
[0,0,0,0,0,0,0,0,0,0,0,0,0,0,0,0,0,0,0,0,0,0,0,0,1,1,1,1,2,0,0,3,51,118,177,208,201,183,198,195,171,162,175,178,190,177,176,180,167,180,180,185,180,166,181,156,158,150,142,142,130,141,140,171,210,221,205,193,165,165,160,160,150,154,153,159,169,169,168,178,162,167,171,167,162,152,144,151,174,140,79,27,1,0,1,1,0,1,0,0,0,0,0,0,0,0,0,0,0,0,0,0,0,0,0,0,0,0,0,0,0,0,0,0],
[0,0,0,0,0,0,0,0,0,0,0,0,0,0,0,0,0,0,0,0,0,0,0,0,0,0,0,0,1,0,0,0,0,10,51,112,173,206,196,193,197,194,198,180,167,183,186,148,153,110,132,145,159,148,119,104,126,155,147,177,172,158,159,148,168,170,172,162,161,188,176,171,165,179,170,162,163,168,160,162,164,174,165,150,151,183,171,140,106,47,5,0,0,0,0,0,0,0,0,0,0,0,0,0,0,0,0,0,0,0,0,0,0,0,0,0,0,0,0,0,0,0,0,0],
[0,0,0,0,0,0,0,0,0,0,0,0,0,0,0,0,1,0,0,0,0,0,0,0,0,0,0,0,0,0,0,0,1,0,1,11,39,89,145,181,194,170,181,192,173,174,161,152,144,132,139,137,148,155,149,133,154,127,169,167,162,153,154,163,179,170,181,183,164,166,165,161,152,144,147,139,156,161,164,168,164,164,165,170,169,134,73,35,14,2,0,1,0,0,0,0,0,0,0,0,0,0,0,0,0,0,0,0,0,0,0,0,0,0,0,0,0,0,0,0,0,0,0,0],
[0,0,0,0,0,0,0,0,0,0,0,0,0,0,0,0,1,0,0,0,0,0,0,0,1,0,0,0,0,0,0,1,1,0,0,0,0,7,24,54,116,164,173,175,187,187,176,173,164,140,136,173,184,165,178,191,161,146,164,177,169,162,156,159,160,154,167,167,168,167,164,155,161,161,171,159,168,165,170,180,187,176,147,101,59,24,4,0,0,0,0,0,0,0,0,0,0,0,0,0,0,0,0,0,0,0,0,0,0,0,0,0,0,0,0,0,0,0,0,0,0,0,0,0],
[0,0,0,0,0,0,0,0,0,0,0,0,0,0,0,0,0,0,0,0,0,0,0,0,0,0,0,0,0,0,0,0,2,1,1,2,2,1,1,2,17,37,65,101,143,189,208,194,192,175,172,171,168,160,123,151,172,166,167,162,168,162,146,159,171,172,163,160,169,160,155,156,165,163,164,160,173,196,184,150,107,59,28,11,3,1,0,0,2,1,2,1,0,0,0,0,0,0,0,0,0,0,0,0,0,0,0,0,0,0,0,0,0,0,0,0,0,0,0,0,0,0,0,0],
[0,0,0,0,0,0,0,0,0,0,0,0,0,0,0,0,0,0,0,0,0,0,0,0,0,0,0,0,0,0,0,0,0,0,0,0,0,0,0,0,0,0,2,9,18,44,98,146,174,201,211,209,191,189,167,162,154,162,167,163,163,169,168,163,155,146,180,171,162,161,152,171,182,179,192,182,179,139,71,29,9,2,0,0,0,0,0,1,0,0,0,0,0,0,0,0,0,0,0,0,0,0,0,0,0,0,0,0,0,0,0,0,0,0,0,0,0,0,0,0,0,0,0,0],
[0,0,0,0,0,0,0,0,0,0,0,0,0,0,0,0,0,0,0,0,0,0,0,0,0,0,0,0,0,0,0,0,0,0,0,0,0,0,0,0,1,0,0,1,1,2,5,15,34,71,102,132,155,162,178,181,178,165,165,176,175,178,178,167,178,182,180,184,191,193,180,162,136,110,86,50,35,15,3,0,0,0,0,0,0,0,0,0,0,0,0,0,0,0,0,0,0,0,0,0,0,0,0,0,0,0,0,0,0,0,0,0,0,0,0,0,0,0,0,0,0,0,0,0],
[0,0,0,0,0,0,0,0,0,0,0,0,0,0,0,0,0,0,0,0,0,0,0,0,0,0,0,0,0,0,0,0,0,0,0,0,0,0,0,0,0,0,0,1,0,0,1,2,3,2,5,4,13,12,24,30,42,44,37,51,69,75,85,80,88,104,104,107,84,62,40,23,11,4,1,1,1,0,1,0,1,0,0,0,0,0,0,0,0,1,0,0,0,0,0,0,0,0,0,0,0,0,0,0,0,0,0,0,0,0,0,0,0,0,0,0,0,0,0,0,0,0,0,0]
];

var moonImage = function(r, theta) {
    var pg = createGraphics(r*2+4, r*2+4, JAVA2D);
    
    pg.beginDraw();
    pg.background(0, 0, 0, 0);
    
    var r2 = r* r;
    
    for (var y = -r+1; y < r; y++){
        var d = sqrt(r2 - y*y);
        var rd = round(d);
        var h = cos(90*y/r);
        var w = 90 / d;
        
        for (var x = -rd-1; x <= rd+1; x++) {
            var p = h * cos(theta + x * w);
            p *= surface[x+r+1][y+r] / 255;
            // Anti-alias edge
            if (x < -rd || x > rd) { p *= d+0.5-rd; } 
            if (p >= 0 && p <= 1) {
                pg.stroke(lerpColor(moonColT, moonCol, p));
                pg.point(r+x+2, r+y+2);
            }
        }
    }
    return pg;
};


var drawMoonImage = function(r, cx, cy, theta) {
    fill(0, 0, 0);
    ellipse(cx+r+2, cy+r+2, r*2 + 4, r*2 + 4);
    
    var r2 = r * r;
    
    for (var y = -r+1; y < r; y++){
        var d = sqrt(r2 - y*y);
        var rd = round(d);
        var h = cos(90 * y/r);
        var w = 90 / d;
        
        for (var x = -rd-1; x <= rd+1; x++) {
            var p = h * cos(theta + x * w);
            p *= surface[x+r+1][y+r] / 255;
            // Anti-alias edge
            if (x < -rd || x > rd) { p *= d+0.5-rd; } 
            if (p >= 0 && p <= 1) {
                stroke(lerpColor(moonColT, moonCol, p));
                point(cx+r+x+2, cy+r+y+2);
            }
        }
    }
};


var x = 200 - moonR;

background(0, 0, 0);
var draw = function() {
    sunAngle = (sunAngle + 1) % 360;
    drawMoonImage(moonR, x, 100, sunAngle);
    //var moon = moonImage(moonR, sunAngle);
    //background(skyColour);
    //image(moon, x, 100);
};