
var f = createFont("sans", 20);
var surf = [];

var init = function() {
    surf = [[0,0,0,0,0,0,0,0,0,0,0,0,0,0,0,0,0,0,0,0,0,0,0,0,0,0,0,0,0,0,0,0,0,0,0,0,0,9,8,0,0,0,0,0,0,0,0,0,6,0,0,0,0,0,0,0,0,0,0,0,0,0,0,0,0,0,0,0,0,0,0,0,0,0,0,0,0,0,0,0,0,0,0,0,0,0,0,0,0,0,0,0,0,0,0,0,0,0,0,0],
[0,0,0,0,0,0,0,0,0,0,0,0,0,0,0,0,0,0,0,0,0,0,0,0,0,0,0,0,0,0,0,0,0,0,0,0,0,0,0,0,0,3,8,9,11,17,21,21,33,44,43,29,25,28,21,6,16,7,0,0,0,0,0,0,0,0,0,4,8,10,5,0,6,3,2,4,4,1,0,0,0,0,0,0,0,0,0,0,0,0,0,0,0,0,0,0,0,0,0,0],
[0,0,0,0,0,0,0,0,0,0,0,0,0,0,0,0,0,0,0,0,0,0,0,0,0,0,4,6,5,2,1,1,11,3,0,2,0,0,1,16,41,59,82,101,119,139,156,166,170,182,182,167,160,162,155,140,124,93,60,42,27,9,1,4,12,0,0,1,0,0,0,0,0,0,0,0,0,3,3,0,0,0,0,0,0,0,0,0,0,0,0,0,0,0,0,0,0,0,0,0],
[0,0,0,0,0,0,0,0,0,0,0,0,0,0,0,0,0,0,0,0,0,0,0,0,10,3,0,0,3,4,1,0,0,0,0,14,46,81,116,138,173,181,189,193,193,194,196,197,187,182,182,185,181,172,172,179,177,185,187,175,155,131,91,52,20,4,0,3,0,0,1,7,0,2,1,0,0,1,6,5,0,0,0,0,0,0,0,0,0,0,0,0,0,0,0,0,0,0,0,0],
[0,0,0,0,0,0,0,0,0,0,0,0,0,0,0,0,0,0,0,0,0,0,0,0,0,0,0,3,3,0,0,0,7,43,87,121,147,163,159,147,128,132,142,155,168,176,181,183,184,179,181,186,183,173,170,175,177,184,193,189,182,187,184,167,131,85,40,18,8,5,3,0,3,9,11,5,0,0,1,1,0,0,0,0,0,0,0,0,0,0,0,0,0,0,0,0,0,0,0,0],
[0,0,0,0,0,0,0,0,0,0,0,0,0,0,0,0,0,0,0,0,0,0,0,0,0,0,2,3,0,3,23,45,106,134,150,137,122,119,116,107,131,129,133,144,155,162,167,170,188,200,202,192,188,191,180,161,157,151,169,188,181,175,182,186,190,184,167,124,64,20,3,0,0,0,0,2,3,0,0,0,0,0,0,0,0,0,0,0,0,0,0,0,0,0,0,0,0,0,0,0],
[0,0,0,0,0,0,0,0,0,0,0,0,0,0,0,0,0,0,0,0,0,0,0,0,18,7,0,5,20,48,89,124,122,126,122,108,98,99,106,109,108,107,110,120,128,136,146,156,151,158,156,148,152,162,157,140,95,97,134,171,177,180,190,192,183,180,184,190,186,156,92,29,21,1,0,0,3,1,0,4,0,0,0,0,0,0,0,0,0,0,0,0,0,0,0,0,0,0,0,0],
[0,0,0,0,0,0,0,0,0,0,0,0,0,0,0,0,0,0,0,0,0,0,0,0,0,0,19,63,104,124,129,130,145,125,111,113,117,112,104,100,107,105,104,104,102,102,113,126,136,121,114,124,139,148,157,165,191,190,198,190,173,181,186,167,185,184,180,172,175,190,190,172,98,51,10,3,6,0,0,2,0,0,0,0,0,0,0,0,0,0,0,0,0,0,0,0,0,0,0,0],
[0,0,0,0,0,0,0,0,0,0,0,0,0,1,1,1,0,9,3,0,0,6,5,1,11,48,88,117,137,138,121,106,106,116,121,113,98,92,101,113,106,108,108,113,120,115,106,106,113,112,109,112,119,125,138,156,162,164,173,184,185,176,169,170,164,161,169,183,191,195,193,186,202,163,96,28,0,0,4,0,0,0,9,2,0,2,15,0,0,0,0,0,0,0,0,0,0,0,0,0],
[0,0,0,0,0,0,0,0,0,0,0,0,0,0,0,0,17,0,0,18,12,0,7,34,102,114,114,106,105,104,99,96,107,105,102,99,98,99,100,102,104,106,106,111,118,113,105,105,99,103,103,104,106,105,113,129,132,148,162,170,181,191,187,174,175,172,180,191,194,194,191,183,166,183,193,156,74,10,0,8,9,0,0,0,9,0,0,10,0,0,0,0,0,0,0,0,0,0,0,0],
[0,0,0,0,0,0,0,0,0,0,0,0,0,0,0,0,0,13,0,0,10,28,58,111,113,119,114,103,104,107,109,111,105,100,95,95,98,101,100,98,104,105,104,109,115,111,103,104,101,108,110,110,108,102,104,114,113,137,148,146,163,193,198,179,176,178,188,197,198,201,202,196,189,184,194,202,175,114,45,0,0,6,1,0,2,5,0,0,0,0,0,0,0,0,0,0,0,0,0,0],
[0,0,0,0,0,0,0,0,1,0,0,0,0,0,0,0,0,0,8,3,19,89,137,121,107,111,108,105,110,111,104,101,102,104,106,104,100,99,100,103,105,105,103,107,114,110,104,105,98,103,103,103,105,101,97,101,108,124,128,119,132,164,181,175,167,173,185,194,199,210,221,222,209,191,177,180,193,186,133,68,11,0,6,4,0,8,16,0,0,0,0,0,0,0,0,0,0,0,0,0],
[0,0,0,0,0,0,0,0,1,0,0,0,0,0,0,1,5,3,1,54,128,124,94,109,119,114,102,96,103,106,101,98,109,110,112,111,107,103,101,100,107,106,104,107,113,110,105,107,107,107,103,103,113,115,111,110,103,108,112,114,121,138,159,173,166,171,181,187,192,210,227,231,220,205,186,175,180,195,190,168,112,24,0,11,4,0,0,6,0,0,0,0,0,0,0,0,0,0,0,0],
[0,0,0,0,0,0,0,0,1,0,0,0,0,0,2,3,0,3,62,127,129,107,106,110,111,109,103,103,112,116,115,117,123,114,106,107,113,112,103,92,108,107,103,105,112,110,105,108,116,116,109,109,121,128,126,125,106,106,118,136,143,145,158,178,171,174,179,179,182,199,216,218,229,199,183,188,189,185,187,190,191,117,30,0,3,0,0,5,0,0,0,0,0,0,0,0,0,0,0,0],
[0,0,0,0,0,0,0,0,1,0,0,0,0,2,5,7,4,80,121,114,110,107,112,134,109,117,120,121,122,120,122,131,132,121,109,106,111,113,109,102,107,105,101,103,110,108,104,107,100,106,103,99,105,112,113,116,116,112,122,141,151,149,153,163,166,169,173,172,175,191,204,202,203,192,195,200,184,167,174,190,192,190,126,37,3,7,3,0,0,0,0,0,0,0,0,0,0,0,0,0],
[0,0,0,0,0,0,0,0,0,0,0,0,0,3,6,9,86,112,125,115,113,123,119,102,106,117,121,118,117,122,142,167,133,129,121,111,105,107,115,122,106,104,99,101,107,106,102,106,98,109,110,103,103,106,110,116,119,112,110,119,130,133,131,130,153,158,165,168,174,191,202,197,195,194,193,187,182,188,192,185,172,188,192,125,27,0,6,1,0,0,0,0,0,0,0,0,0,0,0,0],
[0,0,0,0,0,0,0,0,0,10,0,0,11,0,14,102,134,128,121,119,121,120,115,110,119,122,125,133,149,162,162,155,129,123,112,108,113,114,114,122,99,103,109,111,108,104,100,99,102,102,105,105,105,113,117,110,110,122,117,133,134,135,167,164,159,162,166,175,182,183,195,217,193,196,181,185,191,189,187,168,189,179,196,195,120,30,0,0,0,1,8,3,0,1,4,0,0,0,0,0],
[0,0,0,0,0,0,0,0,14,0,0,1,0,22,89,140,120,122,123,120,115,112,113,116,121,127,131,135,141,147,146,141,118,117,114,116,119,112,104,105,112,112,113,114,114,110,104,99,105,99,98,99,100,108,116,115,115,120,114,136,145,144,157,140,158,177,185,179,177,181,186,191,202,205,192,193,189,181,186,179,174,187,181,185,186,117,28,0,6,1,0,0,4,1,0,3,0,0,0,0],
[0,0,0,0,0,0,0,0,4,0,1,2,8,77,143,144,129,128,124,120,118,119,122,126,123,130,136,138,137,136,133,129,132,129,121,118,121,118,115,120,121,127,133,133,128,123,121,123,112,100,99,104,104,105,112,116,114,113,107,124,138,149,166,158,164,192,202,185,178,188,189,178,194,208,207,205,184,165,185,200,184,170,177,195,202,187,112,14,4,2,0,0,5,1,0,3,0,0,0,0],
[0,0,0,0,0,0,0,0,0,5,0,2,63,136,152,133,143,129,115,114,124,132,129,123,125,129,134,137,138,135,130,125,134,133,127,125,129,129,129,136,124,142,158,155,138,127,130,140,120,106,106,116,113,107,109,114,113,115,121,131,137,149,170,176,170,182,184,170,166,181,187,175,197,193,184,200,203,187,190,187,195,171,186,193,179,196,172,83,1,0,6,5,0,0,3,0,0,0,0,0],
[0,0,0,0,0,0,0,0,4,8,0,39,125,162,147,142,126,117,112,118,130,134,125,115,128,125,125,130,135,133,125,117,109,118,126,136,143,136,129,131,148,162,174,169,148,129,121,121,125,109,106,114,112,108,114,121,120,125,145,156,159,163,162,161,179,157,141,136,137,150,160,158,168,187,200,216,202,176,186,197,178,195,189,175,184,188,176,168,48,0,0,10,0,0,6,0,0,0,0,0],
[0,0,0,0,0,0,0,0,9,0,29,119,165,148,134,142,112,122,135,144,145,137,128,121,131,122,117,121,125,122,114,108,111,117,122,129,136,135,135,142,145,152,161,169,169,161,149,139,125,109,102,103,102,108,121,129,129,119,135,147,164,181,171,166,192,145,117,118,119,125,137,141,163,182,194,212,205,184,187,186,170,181,184,183,186,187,188,194,134,31,0,7,1,0,2,0,0,0,0,0],
[0,0,0,0,0,0,0,0,0,10,96,178,165,126,130,148,137,146,157,161,154,142,132,127,130,122,116,116,117,113,110,110,124,122,114,111,117,123,135,151,162,165,167,164,154,139,124,115,124,115,109,106,104,112,121,122,127,107,119,122,140,167,163,166,181,135,112,117,117,123,133,133,143,174,191,200,187,173,187,191,174,164,172,178,175,186,196,185,193,101,19,0,5,0,0,2,0,0,0,0],
[0,0,0,0,0,0,0,0,0,71,162,186,143,118,144,177,170,164,156,151,147,140,128,118,128,122,118,117,114,111,114,120,112,112,106,104,108,110,117,130,115,131,145,141,125,113,115,123,123,122,123,119,114,117,116,106,119,107,127,122,121,135,123,131,151,117,106,112,113,124,134,127,144,158,159,172,182,185,192,180,168,190,156,137,177,183,169,193,205,165,67,0,2,9,0,0,0,0,0,0],
[0,0,2,6,0,0,7,1,14,160,198,169,131,114,159,176,167,162,163,162,144,118,107,111,120,125,126,117,109,108,113,117,111,114,112,121,138,131,115,112,116,122,128,128,130,138,135,118,115,121,125,129,131,125,123,132,123,119,125,125,121,143,158,144,117,109,109,116,116,111,116,129,120,143,172,178,161,157,167,171,177,182,184,177,174,184,187,176,176,195,148,39,0,4,0,8,0,0,0,0],
[0,0,0,0,1,4,0,4,86,184,185,156,140,138,172,174,171,161,151,141,127,113,110,115,118,127,129,119,108,107,117,126,124,126,124,123,129,134,128,118,131,122,127,138,137,132,132,131,126,121,121,122,117,115,121,127,126,119,124,124,116,127,137,126,121,119,113,110,113,120,123,122,130,150,155,171,186,156,139,170,188,192,191,181,175,183,186,177,178,180,178,104,19,0,0,0,0,0,0,0],
[0,0,1,0,4,7,0,35,158,199,167,142,149,160,182,172,171,158,138,121,112,112,117,120,120,122,120,114,112,118,128,134,137,126,134,145,140,141,144,138,146,123,126,146,143,125,126,142,126,115,125,133,122,125,135,128,139,125,124,122,111,113,123,123,123,134,133,115,106,114,121,119,134,147,147,165,189,165,141,164,191,194,190,178,174,180,184,180,186,167,203,173,62,4,0,0,0,0,0,0],
[2,1,8,0,4,2,7,102,200,204,167,156,172,183,191,175,159,148,129,113,111,119,123,120,121,114,106,106,118,132,138,136,136,116,140,172,162,151,159,161,149,128,131,149,143,124,125,139,135,117,129,139,128,143,163,153,141,123,118,120,115,118,135,148,134,156,165,144,115,109,123,138,137,146,161,168,170,177,177,164,180,186,181,170,169,176,181,183,196,171,202,200,118,36,0,4,0,0,0,0],
[0,0,9,0,0,0,45,172,201,178,150,161,183,184,168,142,135,130,120,114,118,124,120,111,118,115,109,108,115,127,134,135,127,120,146,169,159,160,172,165,150,140,143,152,146,135,132,133,153,128,129,131,120,142,170,162,163,144,133,129,118,107,111,121,153,164,175,167,141,124,137,161,155,165,177,175,168,179,189,184,177,185,179,168,170,173,177,183,200,188,189,194,177,91,4,4,0,0,0,0],
[0,0,1,4,0,10,105,208,198,154,139,167,189,178,142,110,117,112,110,114,120,120,112,103,114,122,125,117,109,112,123,133,121,137,152,146,141,164,175,157,158,153,155,156,152,149,143,133,145,131,133,134,125,133,139,123,120,114,116,128,133,128,127,133,158,150,149,155,150,140,145,160,173,186,173,171,185,171,169,205,186,196,189,178,178,174,172,181,192,200,187,188,214,151,31,0,0,0,0,0],
[0,0,0,6,0,50,173,206,204,156,158,189,195,173,142,126,117,107,104,111,116,112,106,104,115,123,127,121,114,114,121,127,126,142,149,146,149,160,163,159,169,158,154,158,156,153,148,139,131,130,132,133,131,127,113,95,105,106,110,125,141,146,145,148,159,146,135,135,142,149,153,155,163,168,150,151,178,174,170,200,195,207,200,188,188,178,170,180,180,194,196,189,213,195,90,9,0,0,0,0],
[0,3,0,7,7,88,220,192,182,142,159,186,170,142,129,138,126,110,103,110,113,107,106,111,120,118,116,117,124,130,127,120,135,133,140,166,177,154,147,172,177,155,148,156,157,150,145,143,138,135,122,113,120,123,117,112,112,112,111,121,144,159,163,167,169,165,151,136,139,157,167,165,138,132,129,132,151,184,195,179,195,210,204,194,193,181,170,181,172,182,204,192,196,217,143,29,0,0,0,0],
[0,1,6,5,20,172,210,190,172,152,179,167,164,164,116,119,112,111,106,106,113,114,110,111,119,119,120,120,118,117,119,124,125,119,136,153,168,172,174,203,193,156,150,155,143,156,173,160,145,127,118,119,116,112,114,115,115,111,122,145,166,176,168,151,131,160,137,134,138,121,137,153,139,156,132,155,172,169,197,187,194,201,204,197,188,186,188,190,169,164,200,221,193,210,193,71,11,11,0,0],
[1,4,0,3,79,198,201,178,179,165,183,178,172,161,123,121,113,115,111,107,109,108,108,113,116,115,116,118,121,124,126,128,127,121,138,154,171,179,183,213,196,157,150,158,151,155,154,128,149,133,129,137,140,138,135,130,124,115,119,131,138,142,142,137,140,162,143,148,160,141,137,135,147,176,152,157,176,186,203,168,200,204,205,201,197,194,190,186,181,171,194,217,204,220,211,116,15,8,0,0],
[0,6,0,13,148,215,189,170,170,166,171,176,166,141,117,110,113,118,115,109,107,105,107,115,119,117,115,119,126,131,132,130,132,127,142,153,168,177,180,208,190,151,134,135,134,149,163,156,134,120,120,133,138,135,125,114,127,118,121,128,124,118,122,127,164,175,152,148,156,143,139,140,165,181,148,146,169,189,204,172,201,203,204,204,205,204,197,189,196,183,189,213,213,220,219,167,40,14,1,2],
[0,1,9,42,189,209,183,171,157,163,160,169,156,124,114,104,113,118,116,113,113,110,108,114,112,109,105,107,114,120,118,113,137,134,147,151,160,164,161,181,150,138,139,143,139,144,159,165,157,149,152,161,160,154,144,133,121,115,126,140,135,123,124,129,139,153,146,140,146,147,160,181,167,168,150,170,197,198,196,176,196,199,201,202,205,207,204,199,203,196,191,212,216,208,210,197,85,28,9,8],
[0,0,19,81,203,200,185,165,154,167,165,168,152,127,124,116,112,116,115,116,122,120,113,112,129,129,127,126,130,136,136,131,138,139,152,152,155,155,145,157,148,142,138,136,131,129,136,147,148,146,152,157,152,149,147,143,123,117,127,142,141,133,132,134,132,145,151,144,141,139,142,160,198,192,173,178,197,205,208,202,196,200,201,199,198,201,204,204,200,205,199,215,219,199,203,211,129,37,9,10],
[10,0,23,123,209,201,186,152,151,165,172,157,140,133,129,127,116,118,116,120,128,126,117,115,113,120,121,117,118,124,127,126,135,140,156,154,157,158,144,152,155,139,116,111,120,124,127,138,144,147,155,159,155,158,166,168,140,131,130,132,130,130,133,132,131,129,135,127,130,141,142,159,185,210,212,197,201,212,203,184,205,208,206,200,195,196,199,200,196,208,204,216,220,203,210,221,161,40,7,11],
[7,0,36,167,213,204,180,146,147,160,178,142,122,137,126,131,122,125,123,122,126,124,120,122,118,130,135,127,119,123,130,133,133,140,156,153,157,162,149,156,129,127,116,121,138,132,119,123,142,142,147,149,146,152,159,159,160,154,146,133,123,126,131,127,142,134,141,123,117,129,130,153,181,211,223,197,189,202,204,203,214,213,209,204,202,202,199,195,198,209,201,208,216,213,222,222,189,49,14,17],
[0,5,53,198,215,201,172,150,152,162,189,137,116,144,128,138,127,131,128,123,122,120,121,128,124,140,146,133,118,119,127,132,134,141,155,150,154,161,151,158,142,143,128,120,126,117,114,133,143,139,138,136,132,136,138,132,171,172,166,145,127,129,132,125,108,119,153,141,126,131,132,160,173,198,226,221,209,204,207,231,217,214,209,208,211,212,204,194,203,209,195,198,208,217,228,218,209,61,26,26],
[0,2,80,221,220,195,151,161,137,174,191,146,168,125,141,131,136,136,136,132,127,125,125,127,130,130,132,133,130,127,128,133,128,143,143,156,148,141,159,139,144,139,134,132,133,134,131,128,140,155,154,136,121,114,112,114,130,140,130,131,132,127,126,107,115,115,128,134,124,129,148,156,182,198,204,226,228,207,208,211,217,219,222,228,208,202,221,212,206,205,210,218,218,213,218,228,216,130,3,12],
[0,12,104,230,215,190,154,156,156,185,168,164,151,148,142,139,135,134,132,129,127,126,125,125,122,136,138,123,112,119,131,137,137,146,132,135,134,132,150,141,142,130,121,124,131,132,129,126,123,145,155,147,137,128,120,118,133,132,117,122,127,124,127,114,137,131,134,133,124,131,150,159,180,197,198,210,213,207,224,236,228,227,224,225,207,203,226,219,230,223,219,217,210,202,204,212,215,150,25,11],
[0,19,135,240,209,189,162,152,169,184,134,173,124,159,132,138,133,132,130,128,127,126,126,126,124,144,146,123,110,121,131,129,132,146,132,134,144,137,136,133,130,110,99,108,121,124,122,124,137,162,178,175,163,144,125,117,122,124,116,127,127,120,132,135,138,132,131,130,124,132,151,163,162,194,207,222,226,220,229,229,233,233,229,233,220,216,235,227,216,212,212,216,215,212,214,221,214,174,48,9],
[0,23,160,243,207,193,172,148,175,177,126,174,117,154,130,135,131,133,134,130,125,124,128,133,141,153,153,139,127,126,123,114,126,139,124,121,137,129,115,120,120,101,93,106,119,123,130,140,148,172,188,187,177,157,138,129,132,138,138,146,131,110,127,143,128,129,134,134,132,140,161,179,187,213,214,217,223,226,237,233,220,225,226,236,231,224,233,222,214,213,216,222,222,217,212,212,215,185,57,7],
[0,31,182,242,210,196,173,140,179,177,151,175,139,145,141,139,131,138,143,137,127,124,133,143,156,160,163,156,136,116,113,120,160,159,135,115,125,124,116,135,120,111,109,118,126,132,148,167,138,157,172,176,174,165,157,157,164,159,147,151,136,114,130,145,141,146,148,142,138,147,173,201,208,229,225,228,237,239,240,224,215,221,218,229,229,222,227,215,220,218,218,222,223,220,215,212,217,186,56,7],
[7,44,202,240,216,195,166,136,170,177,173,172,157,135,143,140,138,146,151,144,133,130,139,151,156,162,170,162,132,107,118,144,176,166,152,127,122,120,113,135,122,123,125,124,123,130,151,171,154,166,173,174,174,169,168,175,173,154,129,138,148,147,166,174,165,167,158,144,138,146,174,207,212,233,234,246,255,251,238,212,234,236,223,229,234,230,236,228,230,225,219,219,222,223,220,217,215,189,59,10],
[8,54,218,239,223,193,162,143,162,188,183,175,164,139,139,142,151,153,154,149,142,141,147,154,146,157,166,161,142,131,141,159,156,142,147,124,105,105,102,125,135,142,141,129,120,128,146,159,176,182,183,181,179,174,174,182,169,156,135,147,164,173,194,198,180,181,169,158,159,166,185,213,235,243,229,234,243,241,242,231,236,238,223,230,241,240,246,239,243,239,232,229,227,221,210,199,210,200,74,13],
[3,57,225,239,228,194,162,156,166,207,191,189,171,157,143,154,160,158,154,150,149,150,152,154,138,150,159,159,162,168,166,157,169,145,151,124,98,111,127,158,158,167,162,141,129,137,151,157,164,172,175,177,180,178,181,191,180,183,172,175,173,168,184,187,187,191,185,185,197,202,210,228,229,241,235,244,250,237,233,223,212,219,209,223,240,239,241,232,217,221,228,237,244,239,223,207,205,212,89,16],
[5,65,224,241,210,198,180,156,159,171,196,199,178,173,172,153,161,152,148,153,154,151,155,164,148,149,154,171,181,166,158,175,164,152,144,135,124,126,141,152,160,176,168,150,142,130,128,147,166,173,185,192,186,171,164,165,191,177,180,186,183,185,191,187,197,193,201,216,215,206,217,239,229,245,248,244,246,242,237,243,231,227,230,237,236,230,229,236,216,226,233,235,235,234,227,219,215,211,102,7],
[4,70,222,231,205,196,178,161,158,168,191,197,183,181,178,159,165,158,155,160,167,170,170,171,154,135,133,162,189,185,168,160,153,136,127,129,132,141,150,153,156,161,156,145,134,122,119,129,165,172,182,189,184,172,166,167,180,171,175,183,183,188,194,189,185,203,206,195,199,220,225,214,235,249,250,246,248,245,240,246,231,227,229,236,234,226,224,228,223,229,233,235,237,237,230,221,216,210,102,8],
[1,78,220,218,201,195,176,167,160,165,182,191,187,190,187,168,160,153,145,143,152,162,163,158,163,132,132,165,188,190,172,146,150,129,115,115,121,136,157,170,171,163,164,164,151,141,142,142,166,171,179,185,183,175,170,170,182,178,182,189,191,196,199,194,178,199,200,186,198,229,230,205,237,246,247,243,245,244,242,246,236,233,236,242,242,234,230,232,226,227,228,230,233,234,228,220,217,210,102,10],
[0,81,218,211,201,197,174,170,166,164,172,181,185,193,191,177,172,167,153,140,142,155,160,156,171,148,160,181,176,172,165,141,127,123,128,132,124,124,142,158,165,151,160,166,151,147,157,156,168,172,178,182,182,178,175,174,171,172,174,175,178,182,179,171,182,184,190,202,218,229,229,224,231,236,236,235,237,240,240,241,234,233,236,242,243,237,232,231,224,221,218,220,225,227,221,214,220,209,99,9],
[0,76,213,211,203,199,175,170,171,166,165,171,180,189,191,184,174,176,168,153,146,151,154,151,176,164,178,185,164,156,156,141,138,128,124,121,109,110,135,159,161,154,166,170,153,155,171,173,173,175,179,182,184,183,179,175,182,189,189,185,189,194,188,179,187,183,194,218,231,229,230,237,226,227,228,229,231,237,240,237,227,226,228,232,232,226,219,215,222,216,211,214,219,221,217,213,225,207,94,7],
[0,63,204,212,203,198,177,169,170,167,164,167,177,185,188,189,172,179,181,173,161,152,146,141,168,159,163,164,152,150,150,139,132,119,119,127,122,118,126,137,172,179,188,184,174,180,192,193,179,182,183,185,188,189,183,176,171,184,182,176,185,193,187,179,187,196,205,212,221,230,233,231,228,225,227,229,230,238,241,233,233,231,230,230,229,224,215,209,221,215,212,215,219,220,218,218,232,205,86,2],
[0,48,191,210,198,194,179,167,163,166,167,171,179,183,187,193,195,194,193,189,176,158,146,141,145,142,136,131,135,140,140,139,143,123,113,113,107,107,127,147,156,178,184,175,180,191,191,188,186,188,188,189,192,193,186,175,177,194,191,183,195,206,200,193,186,197,199,195,205,226,233,225,233,226,228,230,229,235,237,225,237,235,233,232,232,230,223,216,219,214,213,217,220,219,219,222,238,204,79,0],
[1,38,182,208,192,190,181,167,157,165,171,177,184,184,186,196,206,192,180,173,160,140,127,125,122,129,120,110,118,125,129,140,137,126,124,120,101,95,120,150,139,172,175,166,185,200,191,183,190,192,192,192,195,196,187,175,173,191,186,176,188,200,194,187,187,185,182,183,197,217,228,229,234,225,227,229,226,231,230,216,227,226,225,226,229,231,227,221,215,211,212,216,218,216,218,223,242,203,75,0],
[0,27,177,202,211,181,190,159,158,182,192,170,177,198,189,189,189,168,144,130,124,123,130,138,135,124,113,111,116,121,126,131,122,160,160,131,116,106,118,152,143,170,185,183,185,192,196,198,207,196,187,196,210,206,196,195,199,187,181,188,196,197,195,196,179,180,186,193,199,205,220,234,226,228,224,230,224,225,235,214,239,224,220,225,224,219,214,207,211,222,212,203,214,216,214,226,233,192,36,4],
[0,20,154,206,204,189,188,158,159,177,189,173,181,198,188,189,187,162,138,129,127,124,126,132,128,123,117,115,115,118,128,137,123,173,181,146,131,139,142,140,160,182,197,198,200,198,194,194,191,188,190,207,222,214,198,193,185,179,180,189,193,186,178,175,188,188,195,207,211,208,212,222,223,223,217,224,219,221,237,226,234,220,217,224,223,219,213,206,212,223,216,210,221,222,218,227,227,175,29,4],
[0,13,121,214,195,199,184,155,160,170,183,177,186,198,185,187,187,156,131,128,131,126,122,124,120,121,121,119,114,116,128,141,143,148,149,140,129,128,138,146,174,189,203,211,214,204,193,192,183,185,191,208,221,212,195,189,189,187,190,198,197,186,177,175,194,192,203,221,224,211,205,209,217,218,215,224,219,214,228,225,225,213,212,220,220,216,211,205,210,220,217,214,223,224,219,224,220,149,18,2],
[0,8,92,221,191,208,178,153,161,163,178,180,188,195,181,183,193,158,131,130,134,127,121,122,120,120,121,120,116,116,125,136,128,115,121,134,140,156,178,186,180,187,197,209,215,205,193,193,190,190,190,197,205,199,188,187,199,196,197,200,198,190,188,191,195,192,203,223,226,211,200,202,211,218,219,230,222,206,212,211,214,204,205,214,215,212,208,203,206,213,210,208,216,219,216,218,216,121,10,0],
[0,7,68,216,194,215,176,154,159,157,176,180,184,189,175,175,195,166,139,132,133,128,124,124,125,122,120,120,120,119,121,124,133,139,146,146,152,178,184,162,185,187,189,198,206,200,192,194,195,195,192,192,196,193,188,191,192,190,192,196,194,189,190,196,199,195,201,213,215,203,194,195,208,220,217,224,218,201,207,207,206,196,199,208,209,207,205,202,207,209,205,203,209,214,214,214,210,96,6,0],
[0,5,44,192,202,220,181,157,156,155,176,177,175,180,169,165,184,169,150,136,129,127,127,127,132,125,121,123,126,124,119,117,168,143,141,164,174,164,169,187,188,188,183,184,191,193,191,193,191,196,197,197,200,198,196,200,189,188,193,200,200,193,191,195,203,203,202,200,197,193,190,189,207,221,209,207,206,202,215,219,203,194,196,205,206,204,205,204,210,208,205,203,206,213,215,211,193,69,5,0],
[0,1,20,156,210,227,190,162,153,155,177,172,164,173,164,155,161,166,159,139,125,126,129,127,134,129,126,129,132,128,122,119,204,171,152,171,178,149,151,195,176,181,174,168,177,188,191,193,189,197,198,196,199,199,201,208,202,197,197,201,200,195,193,197,202,207,203,190,185,191,194,191,202,221,206,196,201,207,221,223,205,195,197,204,205,204,207,208,209,206,205,206,207,212,212,205,170,44,5,0],
[2,0,2,129,215,231,198,166,151,156,179,169,157,168,160,149,141,161,164,141,123,124,129,126,134,131,131,135,135,130,125,124,130,173,163,129,144,169,164,152,160,169,164,156,167,185,193,194,194,200,196,189,189,194,202,212,214,202,191,189,187,186,190,197,196,207,203,185,181,194,202,199,196,222,208,197,204,211,221,216,207,197,198,205,205,206,210,212,205,202,204,206,206,210,208,197,152,28,5,0],
[0,7,2,66,224,235,221,180,154,159,165,165,164,170,169,156,144,153,152,140,132,135,138,136,130,131,128,123,126,132,132,126,143,152,141,124,122,123,127,139,143,148,160,173,173,170,180,196,196,188,199,211,204,202,210,213,197,203,199,186,183,193,200,198,191,199,198,191,187,186,193,207,229,194,198,208,212,214,201,198,192,197,196,197,204,205,205,208,203,192,196,204,208,208,198,187,95,28,0,4],
[0,5,0,34,174,238,221,207,171,174,178,175,171,176,176,165,155,151,143,137,137,140,137,132,128,130,129,125,128,133,132,126,144,149,134,117,115,112,108,113,123,124,134,150,158,162,174,190,195,202,221,223,202,196,209,216,194,190,188,190,192,192,192,193,187,187,182,184,194,201,203,208,221,194,199,204,207,215,209,210,202,202,197,196,205,207,203,202,202,199,195,200,199,203,198,163,55,9,0,1],
[1,5,0,8,107,229,222,225,191,190,190,183,176,179,179,170,160,148,135,130,129,126,123,122,123,127,127,124,125,128,124,117,123,126,114,107,114,116,111,115,124,119,123,137,148,157,173,190,202,212,230,227,205,203,213,214,205,194,194,207,211,202,196,200,191,185,178,187,209,219,214,210,208,192,197,194,198,214,214,217,206,204,195,193,202,206,200,195,200,205,194,198,193,200,196,121,16,0,0,1],
[0,6,0,9,51,196,227,221,201,198,195,186,176,176,176,170,166,155,146,143,135,122,116,120,124,129,131,127,126,127,122,115,128,130,117,108,113,110,105,110,137,129,126,131,136,145,167,190,215,212,214,212,207,217,220,205,204,197,196,201,200,192,188,191,191,190,187,195,212,215,206,200,200,191,195,185,192,213,209,208,200,202,195,190,198,203,199,196,196,206,194,202,198,202,181,72,3,0,3,4],
[0,6,0,16,14,140,229,218,205,201,198,189,177,173,174,169,170,161,160,171,172,155,134,122,123,130,133,130,129,132,129,123,124,127,117,110,113,110,110,121,130,124,120,119,118,128,157,188,219,205,196,192,195,213,217,199,212,218,215,201,192,192,194,192,181,192,199,202,203,196,189,190,202,196,195,185,196,214,201,194,193,202,201,194,197,203,203,204,192,199,196,208,207,199,148,30,3,4,5,2],
[0,2,0,9,0,75,199,221,205,202,201,195,182,176,176,173,158,149,153,177,198,190,155,124,116,122,125,121,121,125,127,123,111,116,111,110,117,116,118,133,117,115,116,118,116,125,157,190,205,191,183,178,175,191,206,203,224,236,234,215,202,205,207,203,185,204,216,214,204,192,191,202,205,199,198,189,202,213,194,189,193,208,209,201,201,206,207,208,193,189,199,208,206,179,97,7,1,2,0,0],
[1,0,3,0,0,23,132,217,200,198,202,199,187,179,178,175,148,143,144,161,184,191,172,148,128,132,130,121,117,121,123,122,126,127,119,118,123,114,105,112,115,114,119,125,125,129,151,176,183,167,164,165,163,179,202,211,212,219,223,218,209,203,199,196,200,216,223,216,205,196,199,212,200,196,195,188,200,205,188,193,199,212,212,202,202,206,202,197,197,180,202,200,192,145,42,1,0,0,0,0],
[1,0,19,0,8,0,70,205,194,194,200,200,188,179,178,175,154,156,152,149,159,178,187,186,159,161,153,139,130,130,131,129,121,121,116,122,134,126,112,114,116,115,120,127,126,123,133,149,167,145,142,154,164,182,206,215,210,208,217,231,229,211,200,201,207,215,214,204,195,189,193,205,191,188,190,184,193,195,182,198,203,213,209,198,200,203,193,182,201,176,204,192,176,118,6,3,0,2,1,2],
[3,5,0,0,6,0,33,141,213,203,195,205,195,187,201,194,191,197,169,162,193,193,182,202,192,172,156,177,171,161,164,121,115,115,119,126,128,123,116,113,106,116,112,115,127,122,123,145,145,142,152,159,161,178,196,196,188,212,219,219,224,211,195,201,225,210,202,199,195,195,197,195,189,187,190,196,199,198,201,206,203,208,218,197,201,210,184,189,191,180,182,190,145,45,0,3,0,0,0,0],
[0,4,0,2,4,0,12,72,190,211,190,190,208,191,180,186,188,192,175,172,196,199,192,206,209,203,173,172,174,166,168,146,120,120,121,120,115,110,113,118,123,118,122,127,124,121,124,128,142,146,150,149,148,155,167,174,194,199,194,189,193,195,197,204,204,195,195,200,200,200,197,190,192,188,187,193,198,199,201,205,193,204,219,202,202,207,186,194,183,178,187,171,98,21,0,2,0,0,0,0],
[0,2,4,1,0,0,0,9,118,205,197,176,207,203,190,205,191,191,187,188,198,202,202,205,205,220,191,174,179,169,160,153,135,126,117,112,109,109,113,119,122,112,125,131,114,118,135,133,141,155,156,154,162,164,171,190,175,162,156,158,165,184,203,207,184,182,191,203,203,199,193,184,195,189,186,190,196,199,202,204,193,207,219,203,198,195,179,189,179,181,183,131,37,0,3,0,0,0,0,0],
[4,0,1,0,0,1,4,0,35,169,212,182,180,191,203,207,197,194,199,202,198,202,206,199,196,214,195,169,164,158,150,145,145,127,111,109,115,119,116,113,110,113,128,133,127,140,164,173,176,190,180,173,182,172,164,181,174,153,149,153,149,161,173,165,181,183,195,203,198,192,189,185,194,192,190,190,191,195,201,206,208,215,211,196,189,179,169,177,185,184,155,75,0,0,6,0,0,0,0,0],
[8,0,0,4,0,0,7,3,1,106,195,210,173,167,193,181,196,194,204,207,199,204,209,197,204,204,196,166,146,149,145,135,135,123,114,113,116,116,114,112,112,126,130,139,165,182,187,195,184,192,180,176,188,172,152,160,159,141,144,151,144,149,159,151,186,188,197,199,190,186,192,197,192,195,195,191,188,192,201,209,218,216,195,185,186,176,172,176,188,172,105,23,0,0,5,0,0,0,0,0],
[4,0,0,8,2,0,0,3,2,35,131,221,208,179,195,186,192,195,202,204,202,209,212,202,199,196,206,188,169,164,139,121,121,121,121,117,110,105,109,116,119,129,121,132,179,198,182,172,172,175,172,181,193,178,155,152,136,130,135,141,140,148,168,181,189,186,190,191,185,188,200,208,193,197,198,192,188,193,202,208,212,207,178,181,191,180,178,177,170,130,51,0,0,8,2,0,0,0,0,0],
[0,0,0,1,1,0,0,0,3,0,53,168,219,199,198,206,194,201,202,199,206,212,210,205,189,189,200,191,195,185,140,132,131,125,118,113,109,107,112,118,124,125,118,123,152,178,177,163,184,181,189,202,199,178,154,140,148,151,146,137,131,132,155,189,191,181,179,184,187,194,202,203,197,198,195,191,192,199,203,202,199,197,170,182,192,171,165,157,133,70,11,0,2,3,0,0,0,0,0,0],
[0,8,1,0,0,3,0,1,1,1,5,93,190,190,178,199,200,210,204,197,208,213,206,203,194,190,177,160,189,191,151,171,155,131,109,105,115,122,120,115,131,128,132,125,122,157,190,188,170,169,191,213,206,188,172,156,143,155,149,136,131,129,155,202,193,177,171,180,190,198,198,190,202,198,192,189,196,205,204,197,191,195,170,185,189,155,142,128,102,24,0,6,2,0,0,1,0,0,0,0],
[0,0,0,0,0,0,0,0,0,18,0,10,120,199,195,184,189,205,204,197,200,196,206,235,196,187,165,180,188,192,205,175,177,183,158,114,117,126,108,118,124,123,117,117,135,163,174,170,176,171,174,188,198,193,182,174,152,145,158,170,158,149,158,164,145,174,191,189,190,193,190,185,185,200,193,179,194,216,208,184,188,173,183,194,173,144,121,100,26,9,0,0,2,0,0,1,0,0,0,0],
[0,0,0,0,0,0,0,0,0,0,2,7,46,136,202,204,213,217,219,212,209,214,211,197,192,195,186,193,182,179,207,204,175,172,187,154,113,128,147,149,115,129,135,130,130,145,163,172,164,163,168,180,194,200,195,189,185,212,215,195,185,178,166,158,180,199,203,192,190,196,199,200,189,201,206,206,209,202,184,173,186,161,188,194,146,134,113,37,14,3,0,0,4,0,0,0,0,0,0,0],
[0,0,0,0,0,0,0,0,6,0,3,6,0,50,154,208,190,191,212,219,203,204,205,185,202,190,175,187,192,196,217,216,199,172,182,160,125,147,162,144,133,133,133,139,152,157,145,127,165,159,149,146,162,188,205,209,171,192,182,170,178,170,165,188,173,192,200,195,195,197,195,194,211,210,211,214,205,181,172,183,170,178,176,162,143,107,50,2,2,0,0,3,4,0,0,0,0,0,0,0],
[0,0,0,0,0,0,0,0,3,0,0,6,0,0,59,160,197,185,194,207,203,201,207,208,195,180,170,180,189,195,211,219,220,198,188,163,150,158,146,134,146,152,155,149,138,130,125,123,132,141,144,146,158,176,179,170,171,200,186,153,159,177,176,171,171,189,201,206,213,216,215,216,223,217,212,210,199,177,173,190,170,183,158,134,119,55,0,4,0,0,0,3,3,0,0,1,0,0,0,0],
[0,0,0,0,0,0,0,0,0,6,0,2,13,0,0,72,181,190,184,181,193,196,193,199,177,185,194,182,162,156,175,209,206,206,222,203,173,162,149,145,172,163,148,132,119,116,123,133,118,129,136,137,144,157,156,146,187,168,172,189,180,157,150,157,185,192,194,198,209,219,229,239,218,220,214,208,202,186,172,170,182,161,147,114,50,6,0,2,1,1,2,2,0,0,0,3,0,0,0,0],
[0,0,0,0,0,0,0,0,0,5,2,0,0,5,2,0,56,143,195,192,187,182,180,191,192,191,191,165,148,143,139,160,180,162,200,215,190,190,174,139,169,146,126,125,131,130,123,117,128,128,123,116,121,137,150,154,173,172,183,184,173,179,184,171,187,191,193,200,211,215,218,226,226,223,206,190,187,183,169,159,157,152,117,56,7,0,0,3,4,4,2,0,0,0,1,3,0,0,0,0],
[0,0,0,0,0,0,0,0,0,0,2,0,0,8,8,0,0,62,150,194,199,192,197,209,206,187,169,140,145,155,128,125,150,122,148,178,194,208,184,148,135,132,133,135,127,115,114,122,116,119,122,126,129,132,136,140,168,167,166,162,148,136,144,164,186,191,199,214,225,222,217,221,229,216,192,175,174,171,162,157,117,113,55,2,3,1,0,4,1,1,0,0,0,1,2,1,0,0,0,0],
[0,0,0,0,0,0,0,0,0,0,0,0,4,0,0,6,16,0,34,131,190,202,202,197,188,181,172,134,134,150,131,138,119,127,135,147,185,195,175,194,155,128,107,109,118,118,117,119,127,120,116,116,117,120,132,145,151,194,194,163,152,144,139,152,178,176,177,190,205,209,213,224,209,198,185,185,184,168,149,145,106,38,3,2,0,5,13,0,0,0,0,0,1,4,2,0,0,0,0,0],
[0,0,0,0,0,0,0,0,0,0,0,0,0,0,0,0,7,4,0,20,93,176,207,193,202,192,178,161,142,128,126,130,121,119,125,127,137,175,196,179,189,157,118,106,116,119,113,111,122,123,120,115,119,130,139,142,157,163,161,149,144,155,166,171,188,178,184,200,206,204,202,199,198,189,180,171,164,150,112,67,10,7,2,0,0,0,0,2,0,0,0,0,0,0,0,0,0,0,0,0],
[0,0,0,0,0,0,0,0,0,0,0,0,0,0,0,0,0,2,10,4,15,69,152,214,190,201,196,167,143,135,129,118,131,127,126,119,122,158,183,172,180,169,143,119,108,103,107,117,107,116,124,129,134,141,142,139,129,139,145,146,154,171,185,190,190,184,192,203,201,193,190,188,195,178,166,162,153,121,60,1,7,5,2,0,0,0,0,1,0,0,0,0,0,0,0,0,0,0,0,0],
[0,0,0,0,0,0,0,0,0,0,0,0,0,0,0,0,0,0,3,0,0,2,58,118,200,196,190,177,153,129,121,125,114,114,118,115,121,155,180,173,185,190,173,140,117,111,117,129,129,130,131,133,139,145,146,143,145,152,158,161,169,182,189,189,185,182,191,199,193,187,188,189,164,172,175,143,77,23,2,0,3,2,0,0,0,0,0,0,0,0,0,0,0,0,0,0,0,0,0,0],
[0,0,0,0,0,0,0,0,0,0,0,0,0,0,0,0,15,0,0,4,8,0,0,6,69,145,205,204,181,168,146,118,129,128,126,122,130,159,175,168,181,188,172,142,127,125,125,125,141,137,135,145,160,168,165,156,160,161,158,156,158,164,163,159,175,171,175,181,178,177,181,182,173,137,98,60,19,0,0,2,0,0,0,0,0,0,0,0,0,0,0,0,0,0,0,0,0,0,0,0],
[0,0,0,0,0,0,0,0,0,0,0,0,0,0,0,0,0,0,0,1,1,0,0,2,0,29,93,164,205,203,181,165,134,147,163,174,184,188,171,145,170,180,171,150,142,143,141,139,129,128,139,167,195,202,186,167,164,160,154,152,156,162,163,162,174,170,175,180,174,163,150,136,141,73,11,0,1,8,6,0,0,0,0,0,0,0,0,0,0,0,0,0,0,0,0,0,0,0,0,0],
[0,0,0,0,0,0,0,0,0,0,0,0,0,0,0,0,0,2,4,0,0,0,6,6,0,5,10,33,93,163,195,192,194,193,183,174,176,181,173,160,146,164,168,156,145,142,146,154,155,147,149,170,193,198,183,167,176,170,163,160,163,168,171,173,167,161,161,164,159,153,140,125,40,17,3,0,0,0,1,7,0,0,0,0,0,0,0,0,0,0,0,0,0,0,0,0,0,0,0,0],
[0,0,0,0,0,0,0,0,0,0,0,0,0,0,0,0,5,2,0,0,4,5,0,0,0,0,9,15,13,29,85,143,176,186,186,177,174,168,154,144,127,144,154,151,144,136,140,153,183,168,156,160,168,171,169,166,171,165,159,155,155,156,160,163,163,165,170,161,131,89,44,9,0,0,0,4,3,0,0,0,0,0,0,0,0,0,0,0,0,0,0,0,0,0,0,0,0,0,0,0],
[0,0,0,0,0,0,0,0,0,0,0,0,0,0,0,0,1,0,0,3,2,0,0,6,6,0,0,0,1,2,8,16,64,104,144,171,188,189,178,171,151,159,165,172,173,165,162,170,164,158,156,161,165,165,165,168,163,161,159,161,162,165,170,175,171,147,110,66,26,7,3,0,7,0,0,0,0,2,3,0,2,1,0,0,0,0,0,0,0,0,0,0,0,0,0,0,0,0,0,0],
[0,0,0,0,0,0,0,0,0,0,0,0,0,0,0,0,0,0,0,0,0,0,0,0,0,0,0,0,0,0,0,0,4,14,33,61,96,136,170,191,186,190,183,163,149,151,158,160,168,166,162,158,160,165,168,167,150,159,168,169,173,177,155,118,61,33,7,0,2,2,3,6,0,0,0,0,0,0,0,0,0,0,0,0,0,0,0,0,0,0,0,0,0,0,0,0,0,0,0,0],
[0,0,0,0,0,0,0,0,0,0,0,0,0,0,0,0,0,0,0,0,0,0,0,0,0,0,0,0,0,0,0,0,3,0,0,0,9,31,55,71,122,142,161,168,171,174,173,167,164,166,167,168,172,178,179,177,174,165,148,123,100,82,53,19,17,4,0,0,0,0,0,0,0,0,0,0,0,0,0,0,0,0,0,0,0,0,0,0,0,0,0,0,0,0,0,0,0,0,0,0],
[0,0,0,0,0,0,0,0,0,0,0,0,0,0,0,0,0,0,0,0,0,0,0,0,0,0,0,0,0,0,0,0,1,0,0,0,0,0,3,7,3,16,30,37,44,51,52,49,73,77,81,85,89,93,92,88,61,45,27,11,1,1,2,0,0,0,0,4,3,0,0,3,0,0,0,0,0,0,0,0,0,0,0,0,0,0,0,0,0,0,0,0,0,0,0,0,0,0,0,0],
[0,0,0,0,0,0,0,0,0,0,0,0,0,0,0,0,0,0,0,0,0,0,0,0,0,0,0,0,0,0,0,0,0,0,3,7,7,5,3,2,3,2,0,0,0,2,5,4,2,5,8,8,10,12,9,4,6,1,6,11,7,1,0,0,2,1,2,4,1,0,2,9,0,0,0,0,0,0,0,0,0,0,0,0,0,0,0,0,0,0,0,0,0,0,0,0,0,0,0,0]
];
};

var drawEverything = function() {
    
    // Ground
    fill(40, 56, 39);
    ellipse(292,312,286,115);
    ellipse(121,325,286,115);
    rect(0,299,399,100);
    
    var x = 26;
    var y = 332;
    var w = 155;
    
    // Shadow
    var dx = 60;
    fill(0, 0, 0, 100);
    noStroke();
    quad(x, y + 11, x + w, y + 11, x + w - dx, 400, x - dx, 400);
    
    //tardis base
    stroke(0, 0, 0);
    fill(37, 64, 133);
    rect(x, y, 155, 11);
    
    //tardis frame
    rect(x + 6, 100, w - 14, 232);
    
    for (var i = 0; i < 2; i++) {
        var x1 = 42 + 61 * i;
        var x2 = 101 + 61 * i;
        
        stroke(55, 95, 186);
        line(x1, 135, x1, 331);
        line(x1, 331, x2, 331);
        
        stroke(10, 10, 20);
        line(x2, 135, x2, 331);
        line(x1, 135, x2, 135);
    }
    
    stroke(0);
    //left handle
    fill(43, 43, 43);
    rect(96,201,3,18);
    fill(37, 64, 133);
    
    //right handle
    fill(43, 43, 43);
    rect(106,201,3,18);

    //sign
    stroke(125, 115, 115);
    fill(181, 175, 175);
    rect(56, 193, 33, 32);
    textFont(f, 4);
    
    fill(0);
    text("POLICE BLAH", 59, 200);
    text("PUBLIC", 66, 209);
    text("PULL TO OPEN", 58, 221);
    textFont(f, 2);
    text("TARDIS TARDIS AND", 62, 203);
    text("DOCTOR", 69, 205);
    text("DOCTOR ROSE", 66, 212);
    text("TARDIS TARD A DONNA", 62, 215);

    // Windows    
    for (var i = 0; i < 3; i++) {
        stroke(55, 95, 186);
        fill(209, 222, 230);
        //left window
        rect(52 + i * 14, 142, 13, 19);
        rect(52 + i * 14, 162, 13, 19);
        //right window
        rect(113 + i * 14, 142, 13, 19);
        rect(113 + i * 14, 162, 13, 19);
    }

    // Panels
    for (var i = 0; i < 4; i++) {
        var y1 = 141 + i * 48;
        var y2 = 181 + i * 48;
        
        stroke(55, 95, 186);
        line(112, y2, 155, y2);
        line(112, y1, 112, y2);
        line(51, y2, 94, y2);
        line(51, y1, 51, y2);
        
        stroke(10, 10, 20);
        line(112, y1, 155, y1);
        line(155, y1, 155, y2);
        line(51, y1, 94, y1);
        line(94, y1, 94, y2);
    }
    
    //police box sign
    stroke(55, 95, 186);
    line(166, 105, 166, 130);
    line(39, 105, 166, 105);
    
    stroke(10, 10, 20);
    line(39, 105, 39, 130);
    line(39, 130, 166, 130);
    
    // Sign
    noStroke();
    fill(31, 31, 31);
    rect(44, 109, 117, 18);
    
    stroke(0);
    fill(252);
    textFont(f, 6);
    text("PUBLIC", 102, 117);
    text("CALL", 105, 123);
    textFont(f, 13);
    text("POLICE", 49, 122);
    text("BOX", 128, 122);
    
    //side signs
    fill(37, 64, 133);
    rect(28,105,4,26);
    rect(173,105,4,26);
    
    //top
    rect(39,88,126,12);
    rect(49,74,106,14);
    triangle(156,74,103,67,49,75);
    
    //light
    rect(95,60,16,8);
    fill(31,31,31);
    ellipse(104,49,16,16);
    fill(207, 207, 207);
    rect(96,45,14,15);
    fill(31,31,31);
    rect(96,60,14,3);
    line(110,49,96,49);
    line(110,54,96,54);
    line(103,61,103,46);
};

var update = true;

var draw = function() {
    if (!surf.length) {
        init();
    }

    if (!update) {
        return;
    }
    update = false;
    
    background(0, 0, 0);
    
    if (this.loadPixels) {
        this.loadPixels();
    } else {
        return;
    }
    
    var p = this.imageData.data;
    var startX = 270;
    var startY = 20;
    
    var n, row;
    for (var x = 0; x < surf.length; x++) {
        row = surf[x];
        for (var y = 0; y < row.length; y++) {
            n = startX + x + (y + startY) * 400 << 2;
            if (row[y]) {
                p[n] = row[y];
                p[n+1] = row[y];
                p[n+2] = row[y];
            }
        }
    }
    
    updatePixels();
    drawEverything();
};