
var drawShape = function(cx, cy) {
	pushMatrix();
	translate(cx, cy);
	strokeWeight(1);
	fill(-11904684);
	stroke(-11904684);
	quad(-89, -45, -89, -46, -80, -27, -79, -25);
	fill(-12620195);
	stroke(-12620195);
	quad(-45, -29, -60, -39, -61, -38, -49, -31);
	fill(-14377613);
	stroke(-14377613);
	quad(-75, -50, -64, -34, -61, -38, -70, -53);
	fill(-14377356);
	stroke(-14377356);
	quad(-50, -23, -49, -31, -61, -38, -64, -34);
	fill(-14702984);
	stroke(-14702984);
	quad(-50, -23, -64, -34, -73, -28, -59, -10);
	fill(-14702985);
	stroke(-14702985);
	quad(-75, -50, -83, -47, -73, -28, -64, -34);
	fill(-13401497);
	stroke(-13401497);
	quad(-89, -45, -79, -25, -73, -28, -83, -47);
	fill(-13531287);
	stroke(-13531287);
	quad(-67, -4, -59, -10, -73, -28, -79, -25);
	fill(-12555428);
	stroke(-12555428);
	quad(-71, -55, -79, -70, -79, -69, -70, -53);
	fill(-12945566);
	stroke(-12945566);
	quad(-85, -78, -87, -79, -79, -69, -79, -70);
	fill(-14507659);
	stroke(-14507659);
	quad(-89, -75, -83, -66, -79, -69, -87, -79);
	fill(-14507659);
	stroke(-14507659);
	quad(-75, -50, -70, -53, -79, -69, -83, -66);
	fill(-14572682);
	stroke(-14572682);
	quad(-75, -50, -83, -66, -91, -63, -83, -47);
	fill(-14572938);
	stroke(-14572938);
	quad(-89, -75, -95, -74, -91, -63, -83, -66);
	fill(-13466264);
	stroke(-13466264);
	quad(-99, -71, -96, -61, -91, -63, -95, -74);
	fill(-13336218);
	stroke(-13336218);
	quad(-89, -45, -83, -47, -91, -63, -96, -61);
	fill(-13791892);
	stroke(-13791892);
	quad(-89, -75, -87, -79, -94, -79, -95, -74);
	fill(-12555171);
	stroke(-12555171);
	quad(-99, -71, -95, -74, -94, -79, -99, -74);
	fill(-11904684);
	stroke(-11904684);
	quad(-37, -61, -38, -86, -38, -88, -38, -64);
	fill(-11904684);
	stroke(-11904684);
	quad(-40, -108, -41, -110, -38, -88, -38, -86);
	fill(-12490405);
	stroke(-12490405);
	quad(-10, -73, -19, -91, -20, -91, -14, -79);
	fill(-14247567);
	stroke(-14247567);
	quad(-27, -109, -23, -87, -20, -91, -23, -111);
	fill(-14312333);
	stroke(-14312333);
	quad(-15, -68, -14, -79, -20, -91, -23, -87);
	fill(-14703241);
	stroke(-14703241);
	quad(-15, -68, -23, -87, -32, -85, -29, -61);
	fill(-14637961);
	stroke(-14637961);
	quad(-27, -109, -35, -108, -32, -85, -23, -87);
	fill(-13401497);
	stroke(-13401497);
	quad(-40, -108, -38, -86, -32, -85, -35, -108);
	fill(-13531543);
	stroke(-13531543);
	quad(-37, -61, -29, -61, -32, -85, -38, -86);
	fill(-11904684);
	stroke(-11904684);
	quad(-40, -108, -44, -128, -45, -130, -41, -110);
	fill(-11904684);
	stroke(-11904684);
	quad(-47, -144, -48, -145, -45, -130, -44, -128);
	fill(-14312589);
	stroke(-14312589);
	quad(-34, -145, -31, -129, -27, -131, -30, -147);
	fill(-14377613);
	stroke(-14377613);
	quad(-27, -109, -23, -111, -27, -131, -31, -129);
	fill(-14507659);
	stroke(-14507659);
	quad(-27, -109, -31, -129, -38, -128, -35, -108);
	fill(-14377612);
	stroke(-14377612);
	quad(-34, -145, -41, -144, -38, -128, -31, -129);
	fill(-13466264);
	stroke(-13466264);
	quad(-47, -144, -44, -128, -38, -128, -41, -144);
	fill(-13466520);
	stroke(-13466520);
	quad(-40, -108, -35, -108, -38, -128, -44, -128);
	fill(-11904684);
	stroke(-11904684);
	quad(-47, -144, -49, -156, -49, -157, -48, -145);
	fill(-12945823);
	stroke(-12945823);
	quad(-37, -165, -38, -165, -34, -158, -34, -159);
	fill(-14312333);
	stroke(-14312333);
	quad(-40, -163, -37, -157, -34, -158, -38, -165);
	fill(-14312333);
	stroke(-14312333);
	quad(-34, -145, -30, -147, -34, -158, -37, -157);
	fill(-14247054);
	stroke(-14247054);
	quad(-34, -145, -37, -157, -44, -156, -41, -144);
	fill(-14442892);
	stroke(-14442892);
	quad(-40, -163, -45, -163, -44, -156, -37, -157);
	fill(-13531543);
	stroke(-13531543);
	quad(-49, -162, -49, -156, -44, -156, -45, -163);
	fill(-13335961);
	stroke(-13335961);
	quad(-47, -144, -41, -144, -44, -156, -49, -156);
	fill(-13856915);
	stroke(-13856915);
	quad(-40, -163, -38, -165, -44, -166, -45, -163);
	fill(-13076125);
	stroke(-13076125);
	quad(-49, -162, -45, -163, -44, -166, -49, -164);
	fill(-11904684);
	stroke(-11904684);
	quad(-15, -68, -10, -91, -11, -96, -14, -79);
	fill(-11904684);
	stroke(-11904684);
	quad(-7, -117, -9, -119, -11, -96, -10, -91);
	fill(-14182287);
	stroke(-14182287);
	quad(7, -116, 8, -92, 13, -95, 12, -118);
	fill(-14312590);
	stroke(-14312590);
	quad(14, -74, 17, -81, 13, -95, 8, -92);
	fill(-14702728);
	stroke(-14702728);
	quad(14, -74, 8, -92, -1, -90, 0, -67);
	fill(-14572682);
	stroke(-14572682);
	quad(7, -116, -1, -116, -1, -90, 8, -92);
	fill(-13987218);
	stroke(-13987218);
	quad(-7, -117, -10, -91, -1, -90, -1, -116);
	fill(-14247567);
	stroke(-14247567);
	quad(-15, -68, 0, -67, -1, -90, -10, -91);
	fill(-11904684);
	stroke(-11904684);
	quad(-7, -117, -7, -140, -8, -141, -9, -119);
	fill(-11904684);
	stroke(-11904684);
	quad(-7, -158, -8, -159, -8, -141, -7, -140);
	fill(-14117007);
	stroke(-14117007);
	quad(6, -157, 7, -139, 11, -140, 9, -158);
	fill(-14247566);
	stroke(-14247566);
	quad(7, -116, 12, -118, 11, -140, 7, -139);
	fill(-14442379);
	stroke(-14442379);
	quad(7, -116, 7, -139, -1, -139, -1, -116);
	fill(-14312333);
	stroke(-14312333);
	quad(6, -157, -1, -157, -1, -139, 7, -139);
	fill(-13596823);
	stroke(-13596823);
	quad(-7, -158, -7, -140, -1, -139, -1, -157);
	fill(-13726869);
	stroke(-13726869);
	quad(-7, -117, -1, -116, -1, -139, -7, -140);
	fill(-11904684);
	stroke(-11904684);
	quad(-7, -158, -8, -171, -8, -172, -8, -159);
	fill(-11904684);
	stroke(-11904684);
	quad(-7, -178, -7, -180, -8, -172, -8, -171);
	fill(-12685474);
	stroke(-12685474);
	quad(5, -180, 5, -179, 8, -171, 7, -173);
	fill(-14182287);
	stroke(-14182287);
	quad(3, -178, 4, -170, 8, -171, 5, -179);
	fill(-14117007);
	stroke(-14117007);
	quad(6, -157, 9, -158, 8, -171, 4, -170);
	fill(-14247566);
	stroke(-14247566);
	quad(6, -157, 4, -170, -2, -170, -1, -157);
	fill(-14377613);
	stroke(-14377613);
	quad(3, -178, -2, -179, -2, -170, 4, -170);
	fill(-13596566);
	stroke(-13596566);
	quad(-7, -178, -8, -171, -2, -170, -2, -179);
	fill(-13466520);
	stroke(-13466520);
	quad(-7, -158, -1, -157, -2, -170, -8, -171);
	fill(-14182543);
	stroke(-14182543);
	quad(3, -178, 5, -179, -1, -182, -2, -179);
	fill(-13466776);
	stroke(-13466776);
	quad(-7, -178, -2, -179, -1, -182, -7, -180);
	fill(-12100010);
	stroke(-12100010);
	quad(14, -74, 24, -88, 24, -92, 17, -81);
	fill(-11904684);
	stroke(-11904684);
	quad(32, -110, 30, -112, 24, -92, 24, -88);
	fill(-13856659);
	stroke(-13856659);
	quad(45, -105, 40, -81, 44, -84, 49, -106);
	fill(-13856915);
	stroke(-13856915);
	quad(36, -57, 42, -66, 44, -84, 40, -81);
	fill(-14637961);
	stroke(-14637961);
	quad(36, -57, 40, -81, 31, -83, 21, -62);
	fill(-14507915);
	stroke(-14507915);
	quad(45, -105, 38, -107, 31, -83, 40, -81);
	fill(-13856915);
	stroke(-13856915);
	quad(32, -110, 24, -88, 31, -83, 38, -107);
	fill(-14182287);
	stroke(-14182287);
	quad(14, -74, 21, -62, 31, -83, 24, -88);
	fill(-11904684);
	stroke(-11904684);
	quad(32, -110, 37, -129, 36, -131, 30, -112);
	fill(-11904684);
	stroke(-11904684);
	quad(41, -143, 40, -145, 36, -131, 37, -129);
	fill(-13726612);
	stroke(-13726612);
	quad(53, -139, 50, -125, 54, -125, 57, -140);
	fill(-13856915);
	stroke(-13856915);
	quad(45, -105, 49, -106, 54, -125, 50, -125);
	fill(-14377613);
	stroke(-14377613);
	quad(45, -105, 50, -125, 43, -126, 38, -107);
	fill(-14117008);
	stroke(-14117008);
	quad(53, -139, 47, -141, 43, -126, 50, -125);
	fill(-13596566);
	stroke(-13596566);
	quad(41, -143, 37, -129, 43, -126, 47, -141);
	fill(-13792148);
	stroke(-13792148);
	quad(32, -110, 38, -107, 43, -126, 37, -129);
	fill(-11904684);
	stroke(-11904684);
	quad(41, -143, 43, -153, 42, -155, 40, -145);
	fill(-11904684);
	stroke(-11904684);
	quad(46, -158, 46, -160, 42, -155, 43, -153);
	fill(-13922195);
	stroke(-13922195);
	quad(55, -155, 55, -150, 58, -150, 57, -157);
	fill(-13726613);
	stroke(-13726613);
	quad(53, -139, 57, -140, 58, -150, 55, -150);
	fill(-13922195);
	stroke(-13922195);
	quad(53, -139, 55, -150, 49, -151, 47, -141);
	fill(-14052241);
	stroke(-14052241);
	quad(55, -155, 50, -157, 49, -151, 55, -150);
	fill(-13466264);
	stroke(-13466264);
	quad(46, -158, 43, -153, 49, -151, 50, -157);
	fill(-13401241);
	stroke(-13401241);
	quad(41, -143, 47, -141, 49, -151, 43, -153);
	fill(-14312589);
	stroke(-14312589);
	quad(55, -155, 57, -157, 51, -160, 50, -157);
	fill(-13987218);
	stroke(-13987218);
	quad(46, -158, 50, -157, 51, -160, 46, -160);
	fill(-13141148);
	stroke(-13141148);
	quad(36, -57, 50, -67, 50, -71, 42, -66);
	fill(-12490148);
	stroke(-12490148);
	quad(59, -81, 58, -83, 50, -71, 50, -67);
	fill(-13726869);
	stroke(-13726869);
	quad(71, -75, 64, -59, 68, -60, 75, -76);
	fill(-13921938);
	stroke(-13921938);
	quad(56, -40, 61, -40, 68, -60, 64, -59);
	fill(-14637961);
	stroke(-14637961);
	quad(56, -40, 64, -59, 57, -62, 46, -44);
	fill(-14507659);
	stroke(-14507659);
	quad(71, -75, 65, -78, 57, -62, 64, -59);
	fill(-14182031);
	stroke(-14182031);
	quad(59, -81, 50, -67, 57, -62, 65, -78);
	fill(-14507915);
	stroke(-14507915);
	quad(36, -57, 46, -44, 57, -62, 50, -67);
	fill(-12294823);
	stroke(-12294823);
	quad(59, -81, 66, -93, 64, -96, 58, -83);
	fill(-12165033);
	stroke(-12165033);
	quad(70, -103, 69, -105, 64, -96, 66, -93);
	fill(-13466520);
	stroke(-13466520);
	quad(81, -98, 77, -88, 80, -88, 84, -98);
	fill(-13596567);
	stroke(-13596567);
	quad(71, -75, 75, -76, 80, -88, 77, -88);
	fill(-14247310);
	stroke(-14247310);
	quad(71, -75, 77, -88, 71, -90, 65, -78);
	fill(-13921938);
	stroke(-13921938);
	quad(81, -98, 75, -100, 71, -90, 77, -88);
	fill(-13531543);
	stroke(-13531543);
	quad(70, -103, 66, -93, 71, -90, 75, -100);
	fill(-13856915);
	stroke(-13856915);
	quad(59, -81, 65, -78, 71, -90, 66, -93);
	fill(-11969707);
	stroke(-11969707);
	quad(70, -103, 74, -110, 73, -112, 69, -105);
	fill(-12034730);
	stroke(-12034730);
	quad(76, -114, 76, -116, 73, -112, 74, -110);
	fill(-13596566);
	stroke(-13596566);
	quad(84, -110, 84, -106, 86, -106, 86, -111);
	fill(-13401241);
	stroke(-13401241);
	quad(81, -98, 84, -98, 86, -106, 84, -106);
	fill(-13661846);
	stroke(-13661846);
	quad(81, -98, 84, -106, 78, -108, 75, -100);
	fill(-13791892);
	stroke(-13791892);
	quad(84, -110, 80, -113, 78, -108, 84, -106);
	fill(-13401497);
	stroke(-13401497);
	quad(76, -114, 74, -110, 78, -108, 80, -113);
	fill(-13336474);
	stroke(-13336474);
	quad(70, -103, 75, -100, 78, -108, 74, -110);
	fill(-14442636);
	stroke(-14442636);
	quad(84, -110, 86, -111, 81, -114, 80, -113);
	fill(-12165033);
	stroke(-12165033);
	quad(77, -115, 76, -116, 81, -114, 82, -114);
	fill(-14247310);
	stroke(-14247310);
	quad(76, -114, 80, -113, 81, -114, 76, -116);
	fill(-14182287);
	stroke(-14182287);
	quad(-50, -23, -32, -12, -28, -35, -40, -39);
	fill(-14312333);
	stroke(-14312333);
	quad(-5, -8, -11, -36, -28, -35, -32, -12);
	fill(-14442636);
	stroke(-14442636);
	quad(-15, -68, -29, -61, -28, -35, -11, -36);
	fill(-13857171);
	stroke(-13857171);
	quad(-37, -61, -40, -39, -28, -35, -29, -61);
	fill(-14377613);
	stroke(-14377613);
	quad(-15, -68, -11, -36, 7, -46, 0, -67);
	fill(-14442636);
	stroke(-14442636);
	quad(-5, -8, 18, -30, 7, -46, -11, -36);
	fill(-14507659);
	stroke(-14507659);
	quad(36, -57, 21, -62, 7, -46, 18, -30);
	fill(-14637962);
	stroke(-14637962);
	quad(14, -74, 0, -67, 7, -46, 21, -62);
	fill(-14507659);
	stroke(-14507659);
	quad(36, -57, 18, -30, 34, -20, 46, -44);
	fill(-14442892);
	stroke(-14442892);
	quad(-5, -8, 19, 5, 34, -20, 18, -30);
	fill(-14572682);
	stroke(-14572682);
	quad(37, 9, 47, -16, 34, -20, 19, 5);
	fill(-14637961);
	stroke(-14637961);
	quad(56, -40, 46, -44, 34, -20, 47, -16);
	fill(-13596823);
	stroke(-13596823);
	quad(-67, -4, -50, 17, -42, 7, -59, -10);
	fill(-13726613);
	stroke(-13726613);
	quad(-28, 35, -18, 20, -42, 7, -50, 17);
	fill(-14247310);
	stroke(-14247310);
	quad(-5, -8, -32, -12, -42, 7, -18, 20);
	fill(-14572938);
	stroke(-14572938);
	quad(-50, -23, -59, -10, -42, 7, -32, -12);
	fill(-14312590);
	stroke(-14312590);
	quad(-5, -8, -18, 20, 6, 30, 19, 5);
	fill(-13791892);
	stroke(-13791892);
	quad(-28, 35, -3, 45, 6, 30, -18, 20);
	fill(-14051984);
	stroke(-14051984);
	quad(16, 46, 26, 32, 6, 30, -3, 45);
	fill(-14377356);
	stroke(-14377356);
	quad(37, 9, 19, 5, 6, 30, 26, 32);
	fill(-12100010);
	stroke(-12100010);
	quad(-50, -23, -40, -39, -41, -43, -49, -31);
	fill(-11904684);
	stroke(-11904684);
	quad(-37, -61, -38, -64, -41, -43, -40, -39);
	fill(-11904684);
	stroke(-11904684);
	quad(-67, -4, -68, -5, -51, 18, -50, 17);
	fill(-11904684);
	stroke(-11904684);
	quad(-28, 35, -50, 17, -51, 18, -29, 37);
	fill(-11904684);
	stroke(-11904684);
	quad(16, 46, -3, 45, -3, 47, 19, 45);
	fill(-11904684);
	stroke(-11904684);
	quad(-28, 35, -29, 37, -3, 47, -3, 45);
	fill(-13596566);
	stroke(-13596566);
	quad(37, 9, 26, 32, 34, 30, 45, 7);
	fill(-12425125);
	stroke(-12425125);
	quad(16, 46, 19, 45, 34, 30, 26, 32);
	fill(-13921938);
	stroke(-13921938);
	quad(56, -40, 47, -16, 53, -18, 61, -40);
	fill(-13922194);
	stroke(-13922194);
	quad(37, 9, 45, 7, 53, -18, 47, -16);
	popMatrix();
};

drawShape(200, 257);
